0 1420 1674 777 1907 1366 2428 2568 2403 2656 2817 2830 2796 2322 3042 3032 3064 3024 918
1 260 2636 2709 2449 2163 2552 2496 2647 2680 2703 2705 2812 1696 1548 2066 2637
2 1921 2109 1914 1375 1424 990 2430 1428 2864 549 1139 1507 1764 1922 1915 1916 1923 2149 2003 2866
3 2601 2609 2827 2796 2858 2710 2816 2841 2842 2906 2473 3025 3031 3039
4 120 2102 2548 1560 2182 2310 1587 2065 2639 505 1363 1505
5 3006 3011 478 3073 3049 3074 3077 3090 3095 3096 3092 3093
6 887 2793 2819 1169 1614 2751 2905 3060 3071
7 305 1906 2539 2569 2568 2604 2829 2826 2827 2373 1168 2796 2783 2797 2854 2874 2377 2710 2475 3012
8 2229 2470 2574 2575 887 2781 2797 2856 2841 1368 2752
9 2596 2719 2492 2841 2854 2842 2678 2884
10 1405 2467 2823 1390 2791 2829 2817 2830 2824 2835 2373 2786 2794 2377 1168 2833 2828 2795 1614 2798 2856 2792 2825 2861 2776 2881 2710 2880 2820 1545 1546 2751 2967 1958 2531 1049 2163 2273 2376 1070 2718 2862 3026 3032
11 475 2971 3015 2966 3081 3069 3094 2970 2989
12 2766 2989 2966 3081 3015 3094 3080 3085 3069 3017 2988
13 1298 361 848 1953 2848 2846 3042 752 1490
14 1152 1272 1265 1664 1224 2428 2826 2827 2795 2825 2816
15 2598 2574 2575 2570 2739 266 2786 1390 2785 2373 2829 2831 2377 2783 2378 2896 2821 2842 2710 1895 2784 3026 3067 2986
16 325 382 1042 1906 491 2760 1208 2907
17 962 1527 1754 1977 2501 2345 78 318 582 981 2405 2586
18 2359 2360 1253 2353 2354 2548 698 1362 2441
19 2209 2101 2067 984 1707 1159 1280 2735
20 1123 599 623 1322 1906 1809 2090 2958 1377
21 1039 1906 2589 2534 1357 1390 2788 2790 2791 2794 2829 2830 900 2783 2795 2797 2798 2710 1545 2751 1895 2879 2882 2883 2958
22 659 1478 1601 2039 2066 2367 2388 2400 2422 2423 2432
23 1917 2648 1919 1921 2616 1918 1982 2174 2175 2176
24 1844 468 648 395 396 2115 2132 202 2034
25 169 1859 799 96 404 926 1173 1426 59 811 1503 292 343 623 694 1328 1823 1858 141 731 400 601 2505 123 529 79 742 1050 1965 2034 2450
26 1263 2367 2386 2400 2401 2423 2432 2459 1478 1607 1661 1709 1710 2387 2419 659 2275 1601 1691 2388 2420 2701 1712 2277
27 484 2644 1753 2871 1095 1057 1587 2618
28 299 2410 2781 2034 2506 3032 1214
29 843 2322 2903 1208 2838 2963 2263 3051 3052
30 1359 1365 2172 2184 2182 2163 2295 1623 981 1694 234 2625
31 2571 2601 2817 352 2822 2757 1168 1169 556 2443 2854 1163 2841 2821 3062 3024
32 449 47 77 791 543 1182 718 1430 1433 1205 2428 2710
33 2868 3073 2949 3006 3011 3049 3045 3076 3083 3084 3090 3091 3095
34 3000 2949 2931 3006 3090 3095 3038 3093
35 1680 1440 1478 530 397 1529 822 351 49 1675 1606 1941 1569 2490
36 2845 2846 2842 2841 3027 3028 3029 3021
37 615 152 754 1901 2109 2498 2709 2778
38 2486 1095 967 2665 2468 2158 2294 2938 1997
39 610 2428 2606 1169 1367 2373 2820 2832 3056
40 1874 1930 797 151 835 1382 128 2276
41 2964 2732 2805 2244 1362 2897 1448 2447
42 487 2790 2796 2842 2867 1545 2838 3071
43 675 505 847 823 881 822 703
44 2766 2971 3070 3015 2989 3079 3017 3069 3094
45 236 1322 1265 1433 1869 464 2607 2606 2835 2830 1168 2795 2831 2847 2854 2859 2858 2876 2992 2155 3047
46 2343 1548 41 128 334 859 1200 341
47 1190 1465 321 2762 155 2870
48 2297 2276 2759 2199 1555 2678 2586 364
49 718 1664 2607 2608 2598 2604 2791 2793 1167 1390 2757 352 2375 2835 1163 2841 1169 2796 2833 2836 2845 2847 2848 2776 2837 2861 2862 2752 493 2472 3027 3028 2475 3032 3047 3060
50 2589 2657 2375 2378 2786 2787 2824 2856 2858 2816 2818
51 3006 3049 3083 3092 3096 2931 3000 3013 3090 3048 3095 3086 3093
52 1239 2069 2279 2153 1412 271 989 1061 598
53 1624 1513 1566 765 1902 128 3046 915
54 1990 1536 1581 1680 992 2209 2730 2181 2592
55 764 2655 2789 2856 2880 2506 2968 680 1831 2932 3027 2986
56 1015 252 2458 1683 1925 103 707 2015
57 1975 2599 95 2740 730 2782 2837 1368 2896 2962 2784 3031
58 719 1683 2698 2950 2970 2904 2906 3010 3082
59 1362 2037 1840 2641 752 779 2919 2731 2247 1777 2729 2891
60 84 637 2608 2607 2739 2755 1733 1508 2896 2257 2884 2963 3031 3071 3047 3067
61 483 1265 1432 1419 2186 2410 2604 2427 2375 2862 2881 2473
62 2065 895 1043 1041 1729 1253 893 1379
63 2989 3082 3017 3080 3069 2996 2966 2970 3013 3078 3085 3094
64 1759 1870 234 1490 2162 862 1119 1925
65 165 406 1191 1907 2572 2603 2781 1169 1614 2821 2491
66 829 543 1772 2539 2575 2605 2569 888 2782 2793 2796 2848 2854 2490 1163 1165 2153 2336 2967 2904
67 1529 1124 1260 1050 635 560 1135 1586 2371 978 1061 501 3 921 767 2495
68 2428 2657 352 2803 1167 2844 2846 2857 2918 2474 3060
69 686 313 827 685 1083 1461 1393 1983 303 1723 297
70 1346 2131 1464 57 1030 853 1716 2611 1733 2430 1518
71 820 2507 1644 1785 2181 2578 106 1866 2527
72 877 694 1552 1448 1936 31 1514 138 1719 1844 2909 936
73 227 1975 691 2310 198 696 1525 2744
74 1296 1150 1615 1975 2824 2827 2828 2797 2798 2792 2820 3054
75 1677 2759 398 1680 1733 2311 2578 2730 2774
76 1860 2597 8 2589 2833 2337 1545 2675 2957 2503 1194 944
77 792 656 892 2251 1796 50 75 1199 543 1574 236 2375 2377 2757 2787 2791 2788 2789 2790 2824 2835 2490 2874 2819 2847 432 2858 2845 2836 2832 2881 637 2710 2816 2841 2820 2818 2967 1625 1742 513 3000 3045 2993 3039 3046 3067 3051 3053 1227 3069 3080 3081 2983
78 2792 2837 2443 2867 2816 2818 2841 2880 1958 3031 3039 3032 2920
79 2598 2600 2608 2781 2823 2793 1168 2795 2836 1163 1614 1545 2472 3030
80 2802 2060 2928 2449 2498 154 2144 2943 2945
81 2967 3045 3074 3077 3073 2981 3095 3076 3087 3089
82 2186 2606 2533 2532 2834 2858 1390 2791 2795 2828 2752 2908
83 2657 1621 1699 2847 2757 2776 2819 2541 2896 2336 2337 1338 2838 2506 2884 2974 3029 2473 3033 2982 2992 3056 2986
84 555 194 276 639 1442 1552 1644 1894 2568 2571 2856 1586
85 2428 2556 783 2453 2795 3034 2992 3033
86 154 1023 1557 503 1062 1082 709 1899 234
87 2233 2066 2367 2386 2401 2423 2432 1601 2328 2418 2422 2459
88 2104 424 2526 2548 1362 2502 2508 2167 1903 1899 2299 2357 2585 848 2689 2297 564
89 964 1187 591 648 1098 1379 1490 1587 2277 1530
90 895 1569 1951 1403 1953 2009 1093 1131 1877 2244 1997 1527 1677 2501
91 2398 657 724 1248 1690 276 1915 2268 768 1524 2551
92 1322 2099 2539 2427 2848 2783 2798 2820 2904 2884 1831
93 2050 2042 1574 1879 883 367 797 2957
94 1899 1984 1985 2689 2360 2390 519 1254 1362 1680 2298 2502
95 3015 2766 3080 2966 2996 3069 3094 2970 2988
96 543 326 1322 718 1418 1772 2477 2896 2962
97 2550 2726 2592 231 2127 1398 1884 2124 1355 1108 1375 601 1113 1216
98 1263 1607 1710 2066 2275 2386 2387 2421 2459
99 2286 2280 2469 2552 2695 2711 2768 1238 2647 2812
100 177 2730 1362 777 2179 1603 2106 2646
101 1522 2625 636 2267 2204 1548 2075 2191 607 1156 1792
102 2007 1073 1204 1974 1975 1200 941 2449 2469
103 776 2200 2471 598 2522 2341 503 2215
104 2938 3073 2949 3083 3011 2931 3076 3090 3048 3095 3096 3001 3045 2989 3069 3091
105 442 1267 136 917 705 280 127 657 1245 138 1187 2112 40 128 191
106 942 149 1445 2185 2607 2598 2741 2837 2835 2841 2842 2858 2506 2473
107 283 2580 708 1035 1995 2449 125 1917 1918 2131 2281 2335 2426 1321 2416 715 1678 2393 2636 338 1261 2800 1095 2551
108 2282 2449 2469 2660 2695 2707 2810 2928 2680 1111 2551 2280 2025
109 1569 2533 2736 2859 2820 2903 2884 3002
110 2824 2786 2835 2783 2846 2859 900 2710 2883 2879 2882 3004
111 2927 3078 3085 2971 2988 3070 3079 2989 2966 3081 3013 3069
112 1351 2376 150 2603 2607 2608 2598 2572 2657 2655 2838 2862 2790 1614 2796 432 2881 2818 1851 32 3023 3056 3054 3055
113 2428 2600 2657 730 2836 2844 2880 1368 680 2963 2639 2474 3071
114 2823 2373 2857 2751 2752 2867 3034 3071
115 641 1072 1418 1420 1865 2782 2337 2678
116 752 213 1997 1576 1773 2808 1929
117 2797 2153 2698 792 2322 3062 3076 3093
118 469 1321 2228 2578 1667 2447 1701 1975 2870
119 2571 2572 2856 2783 2825 1368 1546 2999
120 2238 2372 2428 2415 2820 2818 3023 3063
121 1825 1512 1934 288 194 2622 1913 2213 1652 768 894 2118
122 403 718 1433 1445 1549 2375 2842 2978
123 294 2030 1973 1146 1830 843 1142 2183 2136 1525 1417 905 1158 147 1587 1747 13 2558 1522 859 2360 1494 1027
124 2994 3006 3011 478 3045 3000 3074 3077 3087 3088 3004 3084 2931 3049 3048 3080 3081 3065
125 235 1759 1815 1655 1287 1590 1362 1677
126 1263 2367 2400 2401 2423 1478 1601 1661 2039 2387 2432 1110 2388 2418 2421 1691 2420 2701 2725
127 1627 2100 2607 2602 2569 730 1209 2375 2791 2826 2835 2824 2443 432 276 1390 1614 2798 2719 2837 2816 2818 2710 2820 2967 2751 2752 3005 3009 2620 3035 2999
128 2186 2374 77 2823 2466 2373 1390 2796 2797 1168 2825 3024
129 1390 2794 2823 2793 2817 2719 2783 2795 2797 2854 2828 2825 1168 1546 2752 2751
130 3016 768 2276 1398 1049 2917 2911 462 2815
131 1175 1906 1032 596 1359 263 1819 2568 2571 2598 2373 1390 2415 2791 2793 2379 2823 2378 2817 2829 2786 2822 1165 556 2832 1169 2846 2848 2782 2859 2880 2820 2026 2752 2556 3005 648 1494 3027 2474 3039 3030 3031 1311 3050
132 1349 2406 2693 715 2025 2317 2636 2768 2812 2204 2659 3066
133 2218 2569 2570 2607 2817 1163 2828 432 2490 2796 2816 2784 3022 3062 3064 3024
134 3037 3079 3080 2989 3081 3082 2996 2970
135 1238 1423 1506 1821 2102 2318 2393 2449 2658 2699 338 1800 234 2306 2934 797 2020 2593
136 1097 2340 800 2092 1676 2502 962 784 2271
137 829 1074 1432 1433 1430 395 1786 2186 2099 2252 2471 2604 2572 2755 2836 2757 2337 2257 2962 1276
138 2362 2439 2449 2469 2498 2595 2709 2812 2363 2483
139 266 2067 1204 66 1684 768 128 608 1998 784 1198
140 791 1160 1419 2428 2682 2826 2794 2792 2795
141 93 1896 1337 2153 2085 2663 316 266 2865 2889
142 167 128 1744 2104 2440 2489 2492 2890 236 203 351 2502 2181 2179 1819 1899 3002
143 1304 207 1403 210 362 2366 136 3074
144 825 236 1205 463 2458 2453 2575 2600 2605 2607 1017 2598 2601 2603 2258 2602 2827 2568 2570 2832 2856 2858 2859 2821 2752 2905 2904 2969 3031 3032 3030 3021 3039 3028 3022 3024 3077 2085
145 659 1601 1712 2039 2066 2277 2367 2386 2388 2400 2423 2432
146 1778 1943 561 1930 2213 672 2872
147 1403 1729 17 19 1118 2224 2544 832 1014 1143 5 1507 1910
148 1263 1607 1661 1709 1710 2066 2275 2386 2421 2459 2432
149 2227 2597 63 1168 2193 2881 2322 3056
150 824 1394 2506 784 1523 317 1221 1225 1396 305
151 1074 1152 1322 1430 2607 432 2861 2903 2820 859
152 1252 1590 2014 1362 1381 1604 1815 2876 2136
153 2604 2607 2782 2377 2378 2379 2793 2830 2834 352 2415 2719 2781 2785 2789 2790 2835 2783 2828 2818 2820 2710 2879 2882 2883 1831 2932 3029 2472 3031 2474 3023 3039 2982 3028
154 1039 1432 1352 809 2374 2607 2534 1357 2962 2319 513
155 1217 718 1295 1420 2166 592 2604 2570 887 2463 2655 2378 2819 2857 2844 2839 1546 1742 3028 3051 3054 3056 3061
156 601 2049 2859 2783 2337 2820 1958 3031
157 779 1743 2183 2390 2959 1362 1599 659 1992
158 1907 1860 2598 2601 2603 2604 1390 2378 2794 2377 2220 2838 556 2859 2833 2845 2443 2836 2490 2816 2818 2841 3026 3027 3028 3031 3030
159 90 125 1496 2050 1662 665 2287 895 1818 2612 1025 3071
160 483 2365 2760 1162 2254 2751 2678 2257 2962 3047
161 3006 3011 3088 2929 3000 3038 3084 3090 3096 3069
162 2239 1063 1525 1002 1694 2965 2661
163 3006 478 3045 3019 3074 3077 3087 3083 3049 2931 3048 3065 3095 3004
164 807 791 1272 1322 1265 1432 1296 1433 1563 1485 2238 2599 2741 2739 2736 2682 2841 2842 2752 2506
165 1418 1433 2606 2795 2832 2752 2678 1567 2263
166 62 1544 1913 2452 2362 1386 1825 285 1512 244 812 960 2319 1888 1274
167 2599 887 888 2740 2375 2736 1167 2836 2820 185
168 808 829 1069 1039 1322 2787 2832 2854
169 2994 3073 3049 3077 3083 3076 3087 3090 3096 3088 3092 2985
170 2143 2428 352 1368 2377 2257 1797 1299
171 3000 3045 3083 3084 3087 3065 3080 3090 3094 2966 3017 3092 3081 3048 3093 2988 2931 3001
172 186 1615 1569 149 1906 803 592 2376 1701 2655 2741 2848 2856 2962 2982 3061 2894
173 888 352 2831 2489 1168 2825 2874 2796 2797 2710 2752
174 953 1716 2841 783 1353 1930 1562 3077 3092
175 1209 2574 2427 2572 1396 2825 1357 2821 2880 3064 3062 3024 3052 3050
176 306 2574 2572 2607 887 889 2867 2821 2881 2839 3054 3055
177 447 490 1212 2488 56 20 1231 151
178 2066 2386 2400 2401 2432 1601 2328 2418 2422 1661 2039 2387 2419 2427
179 1362 1578 1680 1814 1840 1961 2014 1835
180 811 971 1383 1770 2692 2915 2341 799 119 1645 2396 2089 2184 2618 1646 1563 447
181 585 1419 365 2602 400 2477 2782 2820 2746 2944 2905 2996 2700 2758 3039 2766 2999 3053 2009 3086 2983
182 3049 3073 3019 3000 3004 3083 3090 3096
183 1627 2589 2377 2378 2415 2379 2719 2830 2836 1165 2861 2710 2820 2751 2752 2963 2472 2473 3027 3028
184 1217 1755 2471 352 2682 2826 2838 2904 2932 2907 2958
185 2470 324 1224 2824 2826 1614 2825 2858 2848 2833 2845 432 2879 2882 2883 3034 2993 3047 3064
186 2451 2593 2425 2709 2928 989 1785 2637
187 1419 1752 1755 2217 2427 2657 2755 2757 2378 2379 2786 2837 2415 2836 1831 3033 2992 2999
188 2228 2718 115 859 1952 1137 1681 214 256 1365
189 1427 720 2069 2272 657 907 2014 1991 1363 1655 670 550 1676 2097 652 2028 774 1535 1680
190 3073 3083 3090 3006 3048 3065 2592 3096 3095 3000 3004
191 1263 2066 2367 2386 2400 1601 2328 2418 2422 1478 1661 1709 1710
192 497 729 895 675 72 283 797 945 1322 1362 1098 2712 668
193 352 2781 2831 1163 2796 2888 2861 2710 2751
194 2096 2921 2054 2091 2726 1336 1514 2866 2746 2944
195 1453 2382 12 285 605 787 970 1519 1529 512 1560 2136 981
196 3083 3045 3084 3090 3096 3077 3081 3080
197 2055 1478 2378 2757 2379 2490 2844 2541 2896 1146 3060 3063
198 2971 3070 3037 3079 3080 3081 2996 3069 2966 3017 3094
199 277 1525 1381 1379 73 784 1676 194 459 550 1447
200 2967 2949 3073 3009 3049 478 3083 3045 3090 3038 2931 3092 3095 3096
201 1860 2539 2427 2533 900 2788 2796 2859 2832 2854 2797 2820 2752 2474 3047
202 1903 1508 258 2243 1059 978 2413 2780
203 2066 2418 2432 659 1478 1601 2039 2277 2367 2386 2388 2422
204 738 2252 2826 2825 36 515 1210 1514
205 1190 1182 57 1218 433 1298 1243 1296 967 2050 2186 281 607 806 804 2692 2793 352 2379 1168 2854 2848 1163 2856 2858 2833 2782 2841 2821 2842 2816 2751 2694 2967 3005 3025 3012 2993 3021 3022 3062 3004 2935 3024 3086 2983 2986 2959
206 239 13 585 172 128 340 769 1970 1560
207 1615 2186 888 2824 2488 2826 1614 2862 2842 2908 2662
208 1243 2410 2372 2470 2471 2607 2608 30 2532 2534 1357 2373 2838 2377 2379 1165 2856 2859 2820 2879 2882
209 2376 2629 2415 2861 2820 2752 1259 3060 3061 104
210 2723 2704 2606 2949 3049 2931 3048 3090 3091 3006 3092 3096 3001 3095 1380 3077 3074 3076
211 592 1953 2428 2597 2602 2403 2657 2741 2373 2790 2791
212 698 140 2028 2181 2182 2384 2380 1802 983 1354 2935 2593
213 314 1062 565 2596 642 352 2568 2966 3000
214 1149 1420 625 2238 2365 2376 2427 2657 888 2655 2831 2856 2786 2787 2375 2781 2830 2719 2791 2793 2541 2373 2379 900 1390 2795 2785 2788 2827 2849 2862 2823 2789 2794 2378 2837 2336 2880 2838 2752 2879 2882 2883 3026 3029 3042 2999 3051 3054
215 1376 2740 2220 626 1208 2752 2983
216 2415 2790 2857 2820 2862 3033 3060 3056
217 1914 1922 1917 1921 137 2436 2430 2549
218 569 62 545 1890 1529 2377 1628 1107 2489 10 2085 1315 2996 3005 1358 1580 2969 1472 2983
219 1478 1607 1661 1709 1710 2066 2275 2367 2387 2459
220 1162 528 1906 2217 128 2539 2322 2790 2788 2789 1168 2888 2026 2085 2967 2612 3000 3036 3035 2153
221 1745 2096 1288 160 451 2043 760 2081 136 2803 1507 2163
222 506 631 957 279 1172 2336
223 2642 1447 1729 1829 2063 2065 1098 431
224 1775 2250 475 607 1823 3035 3077 3091 3092
225 2449 2498 2552 981 2331 2893 2024 2709 2469 2886 1603 2244 2144 2450 2637
226 1217 1418 1826 1224 2589 2492 2859 2475
227 1432 2589 2604 2606 2607 2794 2791 2846 2858 2880 2818 1895
228 2996 3017 2971 3080 3085 2989 2970 2988
229 2169 1022 1756 2380 1602 2627 1029 2852 1216 1586
230 195 1243 266 1430 1433 1330 901 2049 2185 2376 2803 888 2532 2534 2978 3051 3067
231 585 1296 1755 1502 1908 2059 1366 2376 2238 1531 2539 2427 2570 2609 490 2575 1253 2568 888 1049 2193 2786 1168 1163 2858 2845 2783 2832 2859 2841 2963 2904
232 13 320 367 1041 494 1643 73 2858 409 2319 829 2974
233 1899 724 1084 1680 1886 2385 2590 2029
234 543 1021 1152 1298 1296 730 1169 2783 1368 2968
235 597 217 246 659 981 1102 1955 151 1975 1653
236 681 961 1456 1047 1957 1852 1912 1914 1917 2109 2178
237 258 2051 2374 2776 2861 2862 2842 2896 2710 2751 1851 3025
238 256 620 1374 2058 2084 1482 1135 2258 1591 2404 192 1211 506
239 2151 919 974 945 1225 1983 175 1850 2624
240 2607 27 66 1750 62 331 513 3061
241 705 1074 1906 178 592 2539 2597 2377 2826 2822 2795 2798
242 17 797 882 895 1481 818 72 1231 1301 2123 73 2659 1226 2339
243 596 2313 2251 2287 1399 1371 616 1496 2967 451 2259 2268 44 2907 2027 1342 2085 2153 3046 1358
244 1213 1012 1031 1867 2065 2138 2668 2756
245 2183 2586 570 1586 1362 1899 2674 2911
246 365 2942 508 42 1989 3067 83 93
247 1412 1110 2328 2066 2367 2385 2386 2388 2421 2423 1263 2039 2419 1478 1607 1709 1710 2459 659 2275
248 394 1152 483 433 1615 315 164 381 396 415 583 401 405 2539 174
249 3011 3091 3092 3083 3088 3090 3095 2931 3096
250 92 322 654 1775 772 1375 134 292
251 1786 592 2427 1169 2842 2896 2905 1851 2475 3030 2982 3060
252 13 2406 2768 2280 2295 2640 2763 1002
253 1298 1786 768 2051 2477 2608 2557 2860
254 2597 2607 2657 889 2655 2790 2786 2787 2220 2860 2336
255 2389 608 1975 2622 2108 2297 2362 1263
256 483 1433 1418 1786 1366 2252 2463 2492 1958 2884 3002 3029
257 1749 621 978 1493 186 724 2272 2504 1977
258 207 1834 2110 760 1913 1425 2641 479
259 241 118 2156 2066 2392 1346 2174 2403
260 594 675 729 907 1032 2181 2267
261 732 1074 1195 1243 718 1297 1674 1826 1631 592 2476 843 2606 2657 2713 2795 2859 2880 2820 1114 2882 2904 386 552 2998 2285
262 1975 659 1381 2356 2254 1899 2354 2390
263 1182 846 608 128 1022 1739 1084 1925 2396 1880 1029 2409 993 474 636 1013 1436 568 1804 2025 16 3042 96 2630 2620 3047 3067 3046 1615 2691 497 1790 2551 1248
264 483 1217 1390 2794 2830 2781 2415 432 1163 2881 2710 2880 2905 3062
265 1906 2384 2860 2438 2968 2993 3024 50
266 2194 67 93 1293 2622 2852 1705 551 1204 1211 1527 1669 1762 2050 2153 2610 3065
267 659 1782 2386 2422 1601 1661 2039 2066 2419 2423 2388 2401 2421 1691 2275 2400 2420 2701 2725
268 128 1917 2464 2616 1923 1915 2163 2344 2406 2204 2255 2928
269 531 1707 2574 2601 2602 2570 2571 2788 2787 2790 2829 2822 2823 2824 2827 2835 2797 1367 981 3032
270 1445 2218 2575 2692 2793 2220 2781 2415 352 1390 2373 2375 2378 2379 2794 2835 2786 2788 2836 2854 2874 432 1614 2795 2797 2847 1163 1165 1169 2819 2832 2859 2783 2796 2856 2776 2862 2710 2880 2821 2841 2818 2820 2085 2752 2967 1545 1851 1546 1895 680 3000 3009 2996 3045 3005 1259 3036 3026 3032 3077 2620 3074 3075 3072 3004 3035 3082 2153 3050 3053 1559 3081 3086 2983
271 2574 2569 2572 2403 1165 2821 2839 2999
272 2051 2427 2403 2829 2415 2903 2838 2506 2968 3051
273 146 2567 3007 1277 2736 2929 2957 256
274 2162 2582 479 1286 836 2183 1252 2610 1391 1680 2311
275 1271 1267 1625 1431 1432 266 2185 83 1771 93 1975 2609 2604 84 2740 1762 513 3067 1999
276 2374 2252 2471 2847 2791 2830 1163 1165 1169 2856 2859 1168 2838 2783 2832 2795 2848 1614 2828 2798 2797 432 2682 2881 2751 2908 2978 2906 2992 3046
277 1050 1548 2381 128 762 1552 1644 2295
278 1908 2607 2379 2787 556 2443 2710 2820 1546 96 2879 2906 3032 3030 2472 3039 3026 3027
279 2427 887 2858 2506 2884 2978 3022 3071
280 960 2869 1594 2973 106 2937 2868 2913 2976 404
281 24 490 451 1182 2351 1585 2935 519
282 1074 802 2051 2476 2251 2589 2794 2751 2820 2904
283 2374 2471 2428 2601 2575 2791 1390 2794 2835 2792 2854 2832 2818 2710 2880 2958 3031 3012 3050
284 1609 1705 2815 1037 135 1250 1845 2209 2974 931 1987 1056
285 2598 2601 2692 2605 2220 1390 352 2794 1165 2373 2793 2153 2710 1545 1546 2752 2967 2401 3005 3030 3023 3024 3062 3064
286 2596 2603 2776 2860 2861 2862 2602 2267
287 1263 2066 2328 2367 2386 2401 2418 2423 2459 1478 1661 2039 2387 2419 659 2275 1601 1691 2388 2421
288 2949 3006 3011 3074 3077 3000 3087 3049 3038 3091 3092 3095
289 2766 2988 3078 2971 3037 2989 2996 3069 3094 2970 3017 2966
290 543 70 332 1272 1975 2238 888 2532 2379 2757 2785 2788 2835 2856 1390 2794 2791 2793 2783 3026
291 476 1264 2204 2348 2657 2760 1390 2656 3021
292 444 1090 961 182 1552 1550 932 656 921 779 628 1970 693 2431 1274 2632
293 2427 2856 1163 2858 2880 2710 2751 3050
294 93 807 808 791 1265 1826 2569 352 2792 3040
295 589 890 2604 2602 2603 2571 2574 2575 888 352 2373 2378 1167 2415 2682 2787 2788 2790 2822 2829 1169 2833 2845 2848 2858 2874 900 2795 2854 2862 2861 2710 2816 2818 2751 2752 2904 2879 2907 2784 2475 3028 3053
296 2590 551 2050 2730 2510 1908 207 1677 2564 760
297 768 477 2178 2168 948 2167 2304 1449 1647 1719 1527
298 2523 2030 2485 1286 1655 1977 1991 2490 2502 1872 2296 1975
299 463 570 1216 1907 768 2170 981 2382 2538 1034 894 2198 1997 1606 2069 2384 662 843 2183 2639 622 1057 1714 2209 2643 1950 608 2304 761 2289 1591 422 2953 1981 2889 2014
300 1873 1586 559 359 1590 1203 2072 1879 1046 973
301 252 1031 657 1693 2562 842 2763 234
302 2427 2657 2656 2739 2377 2833 2845 730 2776 2837 2876 2992
303 1051 904 1314 66 788 1616 2031 693 607 728 1573 981
304 310 1220 420 390 1435 2256 443 1983 26 444 1259 1200
305 182 940 1844 1474 1855 2131 939 1457
306 99 1860 2532 1390 2790 2787 2788 2791 2835 1958
307 1033 1808 175 2136 698 488 598 2398
308 3070 2971 3015 3037 3080 3079 3081 2966 3094 2996 3085 2970
309 1340 1056 2197 1969 2134 2954 225 1669 1719 669 895 1041 1730 1795 1109 1354 1113 2502 2022 1979 2510
310 282 1807 2785 2972 514 935 2458 1055 2322
311 1110 1263 2066 2423 2400 1478 1601 2419 2459 1607 1709 1710 2039 2387 2421
312 125 259 283 173 175 435 1321
313 152 1309 2427 2572 1614 2856 2857 2797 2854 2838 2932 3052 3071
314 698 1022 1479 1601 2162 2440 1252 2354 2865 1535 1527 2065
315 2949 3006 3049 478 3074 3087 2931 3076 3090 3091 3095 3096
316 1907 2834 2740 2932 2472 2473 3040 3063
317 3006 3011 3073 3045 3074 3049 3009 3019 3077 3000 3087 2812 3083 3048 3090 2931 3038 3091 3080 3041 3081 3093 3096 3095 3001 3076
318 2100 845 2047 266 895 1011 706 3084
319 256 1989 1674 1752 83 1224 2428 729 740 2856 2816 2576 2540 3040 2857 3033
320 1074 483 1418 1664 2427 2428 2793 2708 127 1857
321 2206 2607 2608 2533 2655 352 2862 2861
322 1074 1664 1772 2410 2569 2570 2571 2601 1224 2557 2534 900 2881 1545 1546 1895 2751 2752 3023 3026 3039 3027 3031 3022 3050
323 2066 2367 2386 2401 2432 1478 1601 2387 2388 659 1712 2422
324 1182 718 2379 2787 2789 1163 2845 2846 1165 1337 2710 2307
325 260 486 1763 2103 1668 1337 1975 2228 1625 2754 48 12
326 1826 781 2453 2569 2570 2575 2598 2601 1469 2415 2719 2791 2793 2817 2829 2796 2854 2797 2861 2881
327 326 1296 592 2657 2789 2838 1169 1163 2787 2790 3030 1259
328 887 888 2375 2791 2793 2823 2834 2857 2781 2822 2824 2826 2831 352 2798 2854 2415 2719 1958
329 1540 1792 355 895 2412 236 1547 2358
330 60 808 829 1433 1752 1975 2206 2238 2571 2601 2533 2760 2534 2791 2794 2078 2788 2849 2790 2835 2792 2795 184 1958 2163 2172 2654 2681 1436 1111 2233 1030 2202 2701 3025 2918
331 2568 2570 2574 2575 352 2719 2823 2827 1163 1165 1169 2783 2797 2828 2838 2854 1614 2861 2751 2752
332 6 75 378 1263 1478 2264 607 853 1601 2400
333 1197 1551 1584 1763 117 1782 1317 858 947 1468 1032 20 2050 2539 2403 2760 1741 2822 2798 2783 2882 2932
334 2339 1226 2889 2939 426 2303 3015
335 966 755 1753 423 27 2178 829 2670 512
336 1766 1813 499 1586 278 1665 2106 1819 1335 2674
337 352 2797 2795 2844 2842 2783 1368 2838 2918 3033 3061
338 1826 305 1390 2785 2788 2794 2831 2792 2835 2377 2378 2787 2790 2819 2825 2832 2880 2710 2818 2820 1895 1958 2879 2883
339 732 1445 1615 1786 2834 2848 2842 2958 3052
340 2376 2629 2860 2841 2867 2896 2336 1208 2904 1742 1202
341 1263 2066 2367 2386 2400 2432 1661 2387 659 2275 2388 2421 1601 2418 2701 2725 1712 2277 2422
342 2372 2713 2831 1169 2833 3030 3026 3031 3039 3050 3062
343 2766 3070 3080 2966 3079 3081 3082 3085 2970 2989 3017
344 953 496 2427 2297 2713 2534 2532 2859 2891 115 2473 2982
345 2700 1653 2278 2981 2949 2938 478 3049
346 2949 2997 3084 478 3045 3074 3088 3090 3093 3096
347 1243 2374 2539 2471 2599 2597 2602 2657 1899 2896 2710 2963 3064
348 1975 2407 72 514 707 1064 1214 1458 1751 1802 2430 1335 1759 1992 2033 2065
349 1633 1613 1292 1750 41 91 1844 2230 1988 1253 906 2132 1932 2912 1089 960
350 1182 1218 889 2827 2826 2794 2795 2792 2825 2820 2710 2882 2883 3026
351 1074 581 1202 1322 1299 329 1418 748 1201 2048 2226 2126 144 2605 2692 2598 2603 2266 2601 2377 2378 2379 2793 1390 2782 2832 2415 2835 2846 2786 2787 2710 2026 3012 3010 3005 3035 3050 3053 2508
352 1242 2539 352 2378 2379 2858 2874 2841 2842 2710 2752 607
353 128 648 2413 1942 1496 899 1760 3077 3045
354 907 1395 1396 1280 1336 2478 931 2064 2033 2502
355 1786 1235 21 1199 2786 1191 15 797
356 1664 2453 2575 2785 2378 2787 2789 2831 2796 2822 2823 2829 1390 2373 2786 2377 2824 2826 2710 2906
357 2113 1796 2592 2734 1822 2687 2221 1667 2699 2934 708 899 2306 2647 1548 2812 1852 2695 2702 2943
358 1021 802 2049 2604 2785 1390 2793 2874 3023 1259 3026
359 2335 2469 1310 1693 1694 2449 2286 836
360 2077 1975 326 1521 260 1492 894 1012 2632
361 1787 2827 2841 2824 2825 2867 2751 1895 3064
362 682 1223 390 670 383 2646 485 301 793 296 1721 1396 365 410 420
363 1390 2375 2377 2782 2378 2757 1169 2862 2861 2085
364 1835 1118 331 1720 1350 346 72 510
365 2206 2477 2427 2575 2601 2606 2657 2533 18 2625 2760 2740 2373 2829 2874 2534 2842 1168 1163 2490 2795 2903 2882 3064 3071 3060
366 1627 1668 1000 1239 1975 2365 2539 2602 1949 2534 2835 2377 2789 2373 2848 956 3056
367 718 2598 2819 2492 2257 861 2482 2259 2576 3040 3056
368 1797 940 2604 2608 2698 352 2220 2415 2377 556 2334 2967 3010 3035 3038
369 2572 2822 1167 2785 2792 2841 2816 2821 2842 2862
370 2876 611 2500 831 956 1478 1613 1729 1728 708 1548 2282
371 2252 2428 2571 2829 2790 2832 2828 2841 2752 3031 2998
372 1298 718 1418 1826 2606 2186 2751 2824 2373 2829 3023 3039
373 1430 2410 2609 675 2428 2845 2824 2826 2844 2841 2751 3022
374 807 808 1296 1122 2835 1165 2752 1802 3039 3042 3036
375 807 596 1787 2375 2766 3036 3004 2939 1559
376 1152 1195 1786 1975 2374 2823 2827 2783 2854 1168 2796 2797 2821 1546 2751 2752 3032 3021 3023
377 2163 2399 2469 206 741 2102 2499 2703 2245 2622 2690
378 649 1260 450 1263 1785 2063 2267 115 337 1013 340 2271 743 1063 2144 75 203 2202 2735 1335 2876 2756 1102 2380 2321 2865
379 2631 3001 3076 3073 3075 3006 3044 3069 3080 3081
380 1390 2794 2373 2377 2824 2826 2827 2817 2822 2829 1168 2783 2792 2828 2798 2796 2854 2787 2788 2797 432 2881 2776 3023
381 2365 2602 2657 2489 2824 1614 2826 1546 2475 3023 3025 3027 3052
382 3006 3074 3049 3073 3083 2931 3084 3090 3048 3091 3096 3095 3092 3004 3044
383 85 93 266 1171 365 554 2081 2537
384 981 173 302 1182 178 186 657 1190 194
385 2178 11 999 1423 1659 2551 1586 2746 1899 1908 2355
386 1069 1420 863 668 2598 2570 2575 2378 2781 352 2793 2822 2829 2817 2719 1168 1614 2490 2443 2783 2797 2874 556 2856 2153 2776 2861 2862 2710 2752 1203 3032 3023 2620 3077 3010 3024 3062
387 249 1357 2795 2797 900 2881 2820 1895 1958 2882 2883 2879 2998 3023 3027 3030 3032 3039 3050 3053 3054 3062
388 444 854 410 1703 1312 1525 2580 1315 1677 826 266 1090 441 2249 332 1610 2033 703 2006
389 1816 2677 1680 1929 2064 2467 2578 2704 2811 2868 2875 2016 2280 2317 2943 555 2362 2542 2408
390 1139 1549 2003 2005 280 1981 2508 1284 1972 2319 167
391 2682 2828 1390 2820 3023 3027 3028 3032 3052 3054 3055 3050
392 1069 732 483 1298 1420 1445 1826 2539 2605 2698 1911 2783 2795 2820 2612 2963
393 1135 1445 1826 1752 1256 1163 2443 1580
394 2051 2374 2428 2379 2719 1614 2783 1208 3033
395 326 2049 2206 2238 2376 2607 2657 2835 2776 2337
396 1583 2582 2360 1582 1846 2451 1622 2182 2356 1950 2181 2180
397 873 981 2181 2359 2865 698 1785 2661 2876
398 1045 2688 685 2033 268 272 941 1032 8 78 1496 1675
399 399 736 1615 1755 2453 2470 2539 2860 2337 2982 2992 3026
400 814 2254 2637 2703 2808 409 511 853 884 2719 302
401 723 338 679 2251 749 1090 748 2861 2881 2838 3026 2982
402 1674 1170 1875 2376 1781 2785 1958 2905 3031 3029 3028 3061
403 1906 2186 2428 2824 1390 2373 2826 2831 2874 2827 2896 2710 2842 2958 3050
404 2406 2464 2163 2282 708 2551 2703 2449 1548 2853
405 2 717 1613 654 1071 1580 1779 2215
406 1340 1745 980 787 934 1743 3030 3027 3052 3054
407 689 1256 271 943 2131 866 1310 1346 2177 2343 1856 1855
408 1772 2600 1145 2657 2739 2741 2785 2820 2838 1823
409 992 1602 1027 2467 2125 1128 1997 769 666 2310 2489 1586 2485 1078 1362 1785 2010 2181 2743 607 981 2029 2502 919 2965
410 1385 1583 2445 2065 2391 1783 2162 2184 2593 838 2390 2686
411 45 47 196 668 774 1160 777 748
412 322 345 1179 36 352 716 884 665
413 1772 2569 2572 2427 2834 2841 2783 2835 2842 2907
414 39 143 125 216 37 35 89 186 185 191 224 409 461 883 283 1204 477 1830 2206 1292 1704 2091 1375 40 2599 1544 2220 2910 79 2472 3044
415 2181 2134 821 650 458 1580 1643 1019
416 810 1130 2503 1379 2579 2181 698 1579 442
417 1 1592 1198 121 1648 1048 732 901 839 1085 1212 2085
418 2539 2166 2605 2251 2534 2819 2832 1831
419 2977 2971 2995 2988 3007 3072 3003 3079 3070 3082 3037
420 1263 2066 2367 2386 2400 2401 2432 2418 2422 2459 1601
421 490 969 1117 2576 2644 36 1169 62 1633 649
422 564 1568 1842 51 212 1148 1686 2643
423 820 2588 2400 2163 2469 716 2014 2542 2539 354 855 2095 2578 1979 1677 503 761 1310 2916 942 1335 2951 990 2538 1913 2462 2582
424 2605 2714 2836 2415 2719 2830 2796 2783 2854 2816 2820 3062 3050
425 807 1430 1433 1432 2414 2471 2795 2473 1259 3046 3047
426 2286 2501 2812 777 2943 1438 2179 2181 1644
427 1755 2428 2427 887 2826 2827 2783 2795 2839 2751 3040 1259
428 1263 1478 1607 1661 1710 2066 2275 2386 2387 2421
429 1308 1163 2599 1523 2740 2741 1167 665 2565 2835 1546 1503 3071 2817
430 2770 1821 708 899 2853 2634 2877 3066
431 2502 2661 128 334 2060 2182 2727 2747 30 1754 2239
432 531 288 240 388 663 1797 2569 2532 2835 2373 2377 2415 2786 2787 2790 2379 2859 1390 2719 2781 2829 2791 2793 2820
433 1680 188 2425 2749 2551 2703 761 1066 842
434 184 1125 994 151 639 922 2270 2271 1358 228 598 332
435 217 1477 129 1289 2203 2353 198 1962 2380 2661 2647 2965 1586 2955 2360
436 2180 2730 1587 1805 1505 2179 271 746 1601 1979 2437 2724 2736 2659 917 2183 2694 294
437 69 2376 2252 2657 2377 2846 2848 2752 2908
438 2166 2570 2598 2757 2856 2816 3051 3067
439 990 1349 2614 185 1899 2468 128 2464 2997
440 44 151 1892 2555 479 1127 2114 2276 895 2271 2178
441 2280 2658 2900 2406 2805 1548 1821 2461 2649 2709 1696
442 1263 2066 2386 2400 2401 2432 1478 1607 1661 2387 2421 2459 659 2275
443 2469 2335 2551 2363 817 128 1198 2623 1923 1916 1100 1310
444 1420 1664 1052 2050 2372 2539 2834 2823 2789 2826 2373 2378 2692 2791 2793 2867 3027 2472 2473 1259 2322
445 2862 745 480 2026 2023 3042 66 3046 3052
446 2806 333 128 1013 708 899 2063 2083 2699
447 317 1224 2571 352 2719 2830 1165 2375 2781 2854
448 3006 3045 3083 3084 3041 3090 3038 3091 3095 3096 3092 3093 2991
449 2786 2787 2867 1368 2896 2751 3028
450 2069 2209 2247 1289 1438 1286 1670 2440 2183 160
451 444 554 1589 1013 373 792 2275 1784 2397 1965 506 704 1450 1309 1326 274 2014 1975 2043 2997 3036 1358 3086
452 326 1045 2606 2532 2373 2377 2378 2379 2831 2443 2792 2820 2710 2751 1958 3053
453 339 829 1533 1571 1820 1056 2938 639
454 1675 1972 19 1268 1270 1562 1654 2103 36 668 684 869 1182 1205 1280 1441 1457 1560 1870 2010 477 1040 565 810
455 3077 3045 3073 3011 3083 3076 3088 2931 3091 3089
456 2374 2788 2786 2787 2790 2958 3067
457 8 56 198 1323 1411 1573 2035 92 1535 2179 1999 2612
458 1680 143 621 1093 1481 2032 2642 1138 1336 1080 2028
459 457 2492 304 1368 1208 2752 1831 3022
460 2379 2415 2794 2377 2785 2719 1169 2792 2854 1614 2776 2710 2752 3023 3025
461 1188 1723 1237 1530 2001 2530 2931 2567 2966 1900
462 570 768 988 1028 1659 2246 2633 1171 377 997 1908 2489 1756 2980
463 1322 1420 2050 2224 2252 2846 2848 1208
464 1907 2232 2604 2714 2847 2782 2824 2826 2846 2833 2836 2845 2443 2792 2820 2905 2907 2441 640 1804
465 808 1021 1039 1218 2186 2143 2572 2657 352 2823 2795 2488 2781 2798 2867 1368 2821 2837 2752 3034 3029 3071 3056
466 76 1162 1973 1106 1117 675 1370 118 128 1180 1630 2424 2683 2153 2910 2085 86 2026 2742 3045 3072 3087
467 2528 520 1643 2520 2524 521 516 2150 1075 1719 608 959 2523 1584
468 1536 19 2311 705 1131 2567 72 89 719 2954 2504 1056
469 2459 1263 1478 1661 1710 2066 2367 2387 2421 659 2275 2432
470 1830 2050 2569 2604 2428 2740 2782 2377 2794 2836 2795 2776 2336 1975 2710 2957 680 2905 2958 3026 2474
471 2575 2569 889 2819 2820 2825 2879 3024
472 1506 1975 2284 2536 2537 2677 151 2369 2530 2961
473 2533 2532 2760 1357 1390 2378 2786 2788 2791 2822 2823 2824 2829 2835 2783 2795 2798 2828 2854 432 2792 2796 2797 2832 2820 2751 1545 1895 1958 2879 2882 2883 2784 3031 3034 3063
474 1224 2428 2831 2795 2854 2797 2818 2967
475 1857 698 1362 1606 1709 2734 2743 1076 2181 294
476 283 1316 2819 2704 1367 2792 2710 2880 2202 1908 864
477 1263 1478 1601 1607 1661 1691 1709 1710 2066 2275 2386 2387 2459 2432 659 2388 2401 2418 2423 2701
478 1085 1688 728 2040 658 761 2384 1796
479 2221 2181 981 1345 2269 2311 2873
480 2374 2471 2657 2539 1163 2533 2842 2820 2918 3071
481 255 151 286 1525 2556 128 1515 2180 923 2172 969 1755
482 2428 2427 2819 2820 2881 2337 1546 1831 3071 3033 3061 3024 3051
483 659 1782 2387 2422 1263 1601 1661 2066 2423 1478 1607 1709 2275 2367 2421 2459 2388 2400 2420 2701 2725
484 2522 605 671 838 1317 2061 12 351 978 2586
485 1755 1149 1824 2787 1162 2842 2427 2752 3029
486 2702 2869 2899 2912 1852 2498 2519 2703 2163 2280 2402 2447 2542 2552 2640 2709 1310 2363 2976 1901 1589 2495 2024
487 1869 2372 2374 2252 2050 2819 2776 2862 2896 2337 680 1831
488 966 1334 1536 707 884 574 1409 1447 1506 1934 2556 797
489 2981 3045 3076 3083 3038 3092 3087 3093 3096 2588 3080 3081
490 3006 3049 3011 2949 3083 2931 3084 3095
491 2365 2539 2287 2760 2881 2861 2820 1958 2882 2883 2908 2904 3061
492 1445 1288 2372 2605 2403 887 2373 2375 1162 352 2861
493 887 2817 1167 1163 1614 2752 3040 3063 3060 3071
494 2996 2971 2988 3007 3036 3080 2966 2989
495 1313 234 2014 2179 3008 21 41 752 884 1203 1279 1562 1586 1785 1814 1875 2202 2308 2701 2961 2364 2681 3004
496 2238 2251 2373 2789 2849 432 2859 2797 2881 2710 2818 1546 1895 2752 2882 2883 3026 3046 3047
497 1437 1569 1223 1479 1505 1824 1720 647 1161 294 1341 2434 2630 2222 934 32
498 1294 16 2470 2427 2572 1135 3021 3025 3047 3071
499 1357 1165 2844 2857 2867 1742 3022 3034 3033 3063
500 1975 2609 2600 769 888 2739 2848 2776 2837 2337 1208 2906 2473 3053
501 1272 18 1347 97 1860 2471 907 2319 2736 2830 1162 2541 930 2220 1851 2506 2932 3000 2996
502 2280 2469 2393 2306 2449 2770 2853 2679 2066 2483 2634 2900 2286
503 1233 455 1507 21 1358 1090 2064 3035 1422 128 981 907 215 2106 543 2310 1496 1677 2986
504 1644 2067 2776 2861 2862 1602 2296 125 500 2754 2865 1764 1586
505 1217 1674 2376 2227 2597 2602 2428 2533 2713 2657 889 2860 2982
506 1152 1627 2428 2575 596 2402 2752 2891
507 2231 1860 2828 2783 2796 2797 2825 3071
508 627 2203 2518 1645 2694 2136 2492 1725 2873
509 2949 3006 3049 2938 3077 3038 2931 3048 3095 3086 3096 3093 3080 3001
510 1908 2229 2602 2606 2841 2854 2860 2710 1958
511 732 1448 1525 873 459 1577 2136 1883 1908 2297 1655 1872 2004 2593
512 435 2166 96 1955 889 2489 1923 2963
513 2971 2766 3079 3081 3017 3094 3069 2970 2996
514 732 1322 718 1664 2374 889 730 2794 1390 2826 2818 1958 2883 2882 2957 2963 1362 3030 3031 2473 3023 3026 3027 3028 3039 3061 3050 3053
515 659 1782 2386 2387 1263 1601 1661 2039 2419 2423 1710 2066 2367 2459 2275 2432 2277 2388 2400 2422
516 1844 1197 1808 1452 2319 1061 600 2523 1334 151 1323 1032 1422 343
517 2656 2739 2741 2736 2373 432 352 2816 1958 2506 3054
518 202 907 2428 2608 2463 2657 2655 2833 2828 2857 2862 1208 2962 2963 1076
519 2428 555 2575 2736 2832 2791 2831 2827 2795 2903 2474 3029 3071
520 543 1674 2794 2854 2792 2796 432 2751 1958 2932 2982
521 2408 2449 2102 1486 2494 2681 1111 2709 2877
522 1123 1298 1322 1297 228 1272 1432 1627 1906 2287 2137 280 2833 2845 2842 2816 2818 2841 2891 2962 2474 2982 2961 3064
523 1752 2100 2489 1377 761 2870 959 2044
524 807 808 1432 1797 1860 2736 2860 2220 3051
525 818 2154 1250 2181 2183 160 236 488 1454 1551 2180 2184 2245 2586 1823 1288
526 304 159 412 1684 1219 404 297 13
527 2310 1379 1254 2402 2730 1678 2064 2586 698 2182 1447 565
528 1048 2444 2624 507 1911 2109 1028
529 1074 1419 2376 2166 2599 2603 2533 2739 2741 2789 2721 2443 2785 2842 2896 1545 2867 2884 3030 2992 3035 3051
530 919 974 1498 1501 1660 618 1194 40 1557 1808 1618 397 895 2062 1275 2285 75 2412
531 966 2062 1949 253 2562 1938 1053 690 1456 1525 2872
532 732 1298 1322 718 1295 802 1430 1755 2166 2428 2427 2845 1545 2751 2752 1895
533 478 3000 3006 3045 3049 3077 3076 3084 3088 3092 2981
534 2997 3045 3088 3084 3083 3096 2931 3090 3095 3092 3093
535 128 1248 1511 1012 1686 1743 2606 2860
536 574 2104 1899 2357 1529 2172 1032 644 2645
537 801 1307 2088 72 770 1251 2968 188
538 884 543 1419 1602 2052 2736 698 2849 2710 1632 2891 2784
539 1696 2637 1229 2648 2725 2400 2715
540 2604 2568 2629 2797 2829 2860 1742 3027 3034 3035
541 2636 2464 2449 2680 2943 2886 1982 2460
542 761 2538 697 2552 1229 2709 2221 2282
543 368 2013 27 422 2121 1089 513 1277
544 2376 2698 2377 2791 2822 2831 2867 2891 2967 2906 1259
545 1862 2452 236 1314 2105 1061 1135
546 2050 2639 2785 2787 2786 2783 2796 2832 2854 2792 2859 432 2790 2751 2774 517 182 2906 2996 3026 3023 3030 3039 3067
547 55 706 1463 1090 84 207 2528 208 2583 569
548 590 649 1799 244 1061 57 834 1232
549 749 1107 663 1140 1251 1240
550 1754 2033 2063 1527 2172 2890 2876 79 1202
551 1561 2128 287 916 2583 768 839 1426 1868 2759 1937
552 1123 1069 1298 1322 1297 1296 732 1627 2252 2601 2569 280 2781 2831 2829 2783 2854 2796 2816 2818 2821 939 3029 3028 3030 3022 3064 3053 3062 3052
553 483 2533 730 2492 2755 2794 2826 2827 2710 2795 2828 1831 2784
554 1263 1691 2066 2367 2386 2388 2423 2421 2422 2743 2744
555 2459 659 2432 1478 1601 1691 2066 2386 2388 2400 2401 2418 2421 2423 2701 2725
556 1110 2066 2423 1263 2386 2400 2401 659 1478 1601 1691 2388 2418 2421 2701 2725
557 169 2185 1265 913 1040 2257 2324 2303 121
558 1263 2066 2400 2401 2423 2432 659 1478 1782 2387
559 791 483 2376 2782 2755 2789 2612 1831 2475 2472
560 497 543 532 933 1298 1297 2427 2842 2857 2903
561 3073 478 3074 3077 3083 3087 3088 3004 3065 3048 3096 3091 3092 3095 3093 3000 2989 3069 3080 3081
562 1179 509 106 861 1290 2222 1860 1964 2607 2606 2608 2629 2427 2463 2433 2713 2657 2533 2760 888 889 2756 2835 2788 2790 2827 900 941 2832 2856 2859 2861 2818 2820 2880 1895 2678 2879 2882 2957 2761 3067 3053 512 1379
563 2563 2449 2800 1423 2280 2335 154 515
564 1876 1077 1519 1489 1520 1231 1435 1058 2759 1996 2272
565 1638 1101 2163 2286 2725 2705 2334 1013
566 44 554 636 2774 562 1085 797 337 234
567 3070 3080 2989 3017 3081 3069 3094 2970
568 2699 2770 2393 2483 3049 3006 3019 3045 3074 3083 3090 3091 2931 3038 3080
569 1614 1952 2967 556 1204 2489 3035 3045 3077 2986
570 1844 1022 2597 175 981 1012 1529 2974
571 2669 2852 3014 989 495 2724 2987
572 2266 692 709 2083 2107 2120 2464 1613 1345 2430 2498 2709
573 2949 3001 2981 2938 478 3000 3045 3083 3009 3088 3038 3084 2931 3095 3096 3065
574 1482 2428 2488 2833 2845 2856 2541 2858 2821 1517 2784 2982 3053 3064
575 111 2252 721 922 981 2771 226 2613
576 2449 2508 2445 2873 2351 2303 2676 1439 2649 2591
577 1907 918 2956 2955 2996 1559 2983
578 1302 1786 2570 2605 2287 2534 2251 2373 2377 2785 2789 2830 2790 1614 2846 2848 2797 1169 2836 2833 2845 2828 2858 2859 2819 2881 2816 2818 2821 2710 2842 2841 1208 2880 1545 1546 2752 2962 3023 3032 3039 3050
579 128 234 424 2037 2347 2617 2666 2745 617 946 1575 755
580 1264 1869 2376 2471 2598 2760 1390 2791 2846 2788 2835 432
581 1117 1668 1740 1483 2193 2197 1240 282 2025 990 1432 119 672 1271 1602 1824 1270
582 933 1039 1322 1265 2099 887 2427 900 1165 2820 2857 2532 2492 2752
583 1264 10 192 1011 206 1050 441 2117 1465 2196 730 1163 2490 2881 1546 2054 2880 1469 2958 18 3047
584 8 2543 1090 1678 48 2222 2382 649 1259 594
585 2539 2629 2598 2601 2427 2606 888 2532 2858 1167 2789 2781 2785 2786 2787 2790 2834 2835 1169 2836 2847 2859 2792 900 1614 2846 2848 432 2861 2881 1208 2167 2816 2818 2821 1545 2751 1958 2882 3030 2472 3031 3023 3025 3039 2475 3027 3050
586 1296 1445 1576 26 2238 1952 2471 2569 2028 42 2445 2856 2858 2104 2967 2612 1802 2249 3046
587 2185 2428 2785 2788 2787 2790 2792 900 2881 2880 2820 2816 2818 2963 3026 3030
588 2066 2367 2400 2401 2423 2432 1601 1661 2039 2387 1607 1710 2275 1709 2459 2388
589 3001 478 3083 3076 3095 3096 3093 3000
590 1531 1161 931 2276 2699 2168 2405 2449 2552 1105 2647 289 2430 2625 2362 2549 755 2594 2765 114
591 635 790 1430 435 169 1615 979
592 3076 3088 3048 3091 3090 3092 2592 3001 3095 3096
593 1069 732 1218 2217 2572 2841 2795 2828
594 223 2955 1311 2738 1284 1256 971 2761
595 128 127 2448 417 2585 2625 2716 2870 103 744 1141 1568 72 1040
596 1452 577 2902 1647 1604 868 2558 3078 3019
597 1074 1195 1418 1420 2186 2606 888 889 2532 2791 2534 2826 2827 2831 1163 432 2854 1165 2783 2797 2846 900 2832 2859 2847 2788 2845 2856 2858 2881 2818 2820 2880 1895 2879 2882 2883
598 100 1264 2607 2608 352 1614 2860 2376 2541 2783 2862 1368 1208 2838
599 2949 3073 478 3006 3049 3000 3083 3011 3087 2931 3038 3088 3004 3048 3065 3091 3092 3077 3001 3081 3044
600 1265 1430 1433 1826 2427 3060 3046 3056
601 2766 2971 2950 2996 2995 3007 3003 3079 3085 3078 2989 3081 3080 3069 2970 3094
602 3088 3090 2931 3091 3092 3000 3095 3096 3001 3093 3048
603 623 1268 1787 395 1860 2574 2575 2606 2790 2826 2831 2791 2796 2827 2847 2845 2819 2859 2797 2795 2881 2798 2880 2816 2818 2820 1546 1226 2678 2752 1545 1895 2906 2958 3055 2474 3030 3039 2472 3032 2473 3027 2985 3062 2449 2085 2153 3045 3077 3087
604 256 1353 878 859 2822 1662 2428 2322
605 566 1478 1581 2161 2613 2244 1556 2253 2068 2284 1381 107 448
606 2445 2914 1110 1926 2078 2237 2273 2723
607 1781 28 1051 2452 31 768 2028 2340 1241 1676 208 1379 1586 1587 2130 378
608 1322 1264 1430 2372 2575 2791 2881 2710 2820 3039
609 8 2376 7 128 608 931 1245 1288 2983
610 3090 3065 3006 3091 3092 3095 3000
611 1906 2569 2571 1167 2375 352 2415 2823 2719 2822 2826 2828 2797 556 2443 2833 2836 2838 2795 2825 2776 2861 2841 2752 3067
612 2736 2534 2752 1567 2675 3028 3055
613 1615 2607 2608 2574 2601 2373 2835 2791 2831 2822 2789 1168 2854 2783 1163 2787 1614 2845 2752 3023 3025 2475
614 1523 2290 1395 1396 2754 606 2855 2860 2296 2867 2 2113
615 957 784 430 578 978 1133 1161 1274 2360 2661 2690 191 787 883 1381 1529 1690 1252 395
616 451 797 1153 768 925 2050 2288 2523
617 2571 2601 887 888 1167 2848 900 2792 1367 1368 1545 1546 2026 2968 2967 680 1831 3025 3051 3060
618 1298 667 1322 718 1297 1296 2166 2051 2186 2471 1381 2589 2606 2463 2533 2657 2713 2655 352 2858 2896 900 2783 2844 1208 2879 2882 2883 1742 3052
619 3006 3019 3045 3049 3074 3084 2931 3041 3090 3044 3000 3080
620 1445 1787 1907 2166 2604 2569 2574 2373 2378 2415 2719 2785 2788 2379 2827 2832 2790 2793 1367 2710 2751
621 957 1577 2138 2637 2744 899 1062 2083
622 1110 1713 1440 1691 1709 2328 2401 2387 2275
623 158 2605 2574 2570 2569 2571 2534 2826 2827 1390 2791 2817 2822 2823 2824 2829 2835 2858 2792 2846 432 2847 2710 3055
624 1821 2204 2306 2483 2626 2634 2658 2699 2770
625 2977 372 2991 2950 2895 1401 3007 2766 3072 3079 3078 3094 3086 2970
626 3049 3038 3091 2931 3006 3090 3092 3065 3096 3093 3004
627 2186 2575 2776 2797 2796 2336 3024
628 1503 1426 128 1553 657 1290 927 925 841 236
629 1074 537 1163 1419 2596 2598 2427 2792 2783 2816 2825 2841 1546 3064 3051 3055 3062
630 571 988 1061 1119 1930 2179 2216 2983
631 3000 3083 478 3045 3073 3074 3090 3096
632 2428 2829 1390 2786 2791 2793 2854 2783 2796 1614 2856 2858 556 2710 2751 2752 2963 2993 3026
633 1254 1282 1677 1678 1814 2808 1362 1586
634 819 284 848 1500 1408 1650 1660 1768 250 720 527 1498 128 1639 2319 2652 2807 2872 2898 2148 2197
635 1786 2376 1874 2463 2655 2793 680 3050
636 2186 2822 2830 2795 2825 2881 2903 3027 3032
637 2569 2574 2601 2598 2575 2570 2604 2415 2490 2795 2854 2798 2797 2796 2842 3023 2491 3022 2998 3062
638 2603 2605 2609 2251 2740 2739 2836 2845 981 2816 2336 1847 2100 2968 2398 1066
639 1023 1423 2566 2086 2499 2701 2647 1696
640 845 602 2033 465 1887 1989 2112 2592
641 452 1590 2225 668 1412 1526 1680 1345 2093 2779 1010
642 1322 1787 2570 2575 2598 2603 2415 2822 2829 1163 2785 2788 2841 2751 3021
643 1860 2428 2571 2602 2629 2655 2859 3029
644 2470 2428 2597 352 1167 2788 2842 2752 680
645 1941 1443 1038 2307 2529 205 229 1061 1079 1589 2021 2136 2366 113 236 277 721 2100 2213 1966 1387
646 2206 1366 2099 2374 2428 2572 2736 2848 2841
647 304 1322 1296 2219 2376 2574 2609 2570 2605 2571 2598 2533
648 1224 2657 2862 1545 2918 2506 1546 3022 3064 3071 2494 2469
649 1195 758 1295 348 477 369 1725 706 1483 1755 1534 481 1625 717 1841 236 1704 955 351 628 1668 2071 2371 1860 729 23 1375 1840 1431 2465 2548 2471 693 2041 2146 618 209 932 1122 870 1904 756 665 2740 2533 970 2736 2782 196 1350 1733 1188 2826 2296 2795 463 2336 747 1305 1828 2258 2587 2962 2957 2968 1057 2784 614 772 1603 1383 524 1177 2474 975 168 3012 650 1473 591 269 1977
650 2739 2791 2785 2786 2831 2375 2829 2830 2377 2854 2856 1169 2797 2833 2838 432 1614 2783 3024 3054 3062
651 1772 1797 2607 713 2819 2818 1895 2963 3035 513 1559 3004
652 1322 2217 2098 2372 2453 2599 2571 2795 2491 3067
653 673 1076 1422 966 759 768 2313 3081
654 2469 2024 2282 2702 2449 2709 1455 2103 2447 2498 2552 2542
655 298 1906 2598 2601 2607 2427 2605 2606 888 2532 2791 2785 2831 1390 2787 2830 2824 432 2798 900 2783 2751 1958 2879 1370
656 1462 105 124 479 1429 1619 1844 1860 2178 1314 773 791 1537 1774 2311 2353 2764 182
657 867 1255 1222 411 391 309 389 413 856 534 1410 371 857 171 1007 584
658 1154 1277 810 477 961 1744 2735 1631 2319 1606 997
659 483 1433 1445 1664 2403 2714 2428 2932 2904 3040 3031
660 791 1195 1217 1224 2427 2488 2337 2932
661 807 791 1322 1433 1627 1826 2372 2568 2427 2819 2534 1357 2783 2834 2903 2982
662 1217 1906 2574 2569 1390 2791 2817 2798 2826 2796 2824 3033 3062 3071
663 1802 768 1001 359 638 1820 2469 1013 2382 2015 2541
664 16 829 206 245 346 767 989 1507
665 705 2103 1037 1723 951 2690 2406
666 1448 2440 2911 1588 2757 2851 797 1381 2586
667 624 1537 2375 2789 352 2415 2785 2786 2787 2788 2791 2793 2834 2835 2790 2832 8 2378 2379 2819 2858 2824 2836 2490 2792 2859 2781 2816 2820 2880 2751 93 2475 3026 3028 3030 3031 3025 3056
668 1674 2571 2603 2607 2373 2377 2378 2379 1163 1165 2776 2837 2861 2153 2085 2026 1545 2752 1691 1713
669 718 1908 2428 2570 2243 2379 2788 2790 2822 352 2378 2789 2375 2830 2823 2859 1168 2835 432 2825 2880 3031
670 1908 1224 2428 2427 2826 2825 2795 3071
671 1051 1426 1669 1680 2190 859 924 1381
672 2428 2539 2427 2575 2601 2609 889 2905
673 1263 2367 1661 1710 2066 2275 2387 2421 2432 2459 1478 2388 2401 2418 2419 2423 2725 1691 2420 1712 2039 2277 2422 2949 3057
674 2051 2143 352 730 2443 432 3022 3021
675 2485 3059 1412 2889 2494 2681 1996 2467
676 1418 2605 2571 2790 2783 2881 2819 2818 2820 2882 1895 2905 3024 3050 3053 3064
677 709 1548 2066 2514 2699 2709 2342 2705 2469 2496 981 2413 2586
678 2997 639 931 675 3068 676 966 2298
679 969 1602 1625 1975 1284 277 1190 1448 2010
680 2552 2812 2498 553 2280 2695 2705 2809 2944
681 1091 2461 2699 128 1063 2634 2765 2853 2934 1251 1023
682 2758 2146 3045 3074 3083 2695 3096 3080 3089 3081 1246 2986
683 1725 72 2192 1182 1191 1830 186 1395 1634 1401 1746 291 173 176 242 735 271 211 1819 1249
684 718 1294 2049 2570 2572 2789 2905 2612 1742
685 1123 1298 1296 719 1157 1906 1878 2227 1908 2376 2365 1444 2836 2845 2904 3054
686 1957 1920 2116 1917 1914 1102 797 1590 701 1530
687 1263 1478 1607 1710 2066 2275 2367 2386 2387 2421
688 1445 1615 1627 130 2606 2534 2375 2790 2828 900 2820 1958 2967 2879 2882 2883 2475 3012 3027 3036 3039 2982 2472 3030 1441 3004 3053 3082 3086 2939 3077 3093
689 2997 3011 2949 3045 3077 3006 3004 3038 2931 2929 3041 3091 3095 3096 3092 3080 3001
690 1420 16 2427 2607 2600 2605 2603 2575 2751
691 1478 2422 2730 1246 2769 709 1868 2076 2224 2692
692 2428 2251 2534 2785 2788 2789 1169 2443 2796 2710 2880 2818 2752 2685 3028 3027 3053 3050
693 1093 1718 1113 151 1283 1785 1844
694 30 962 56 1080 442 1233 196 1335
695 2833 2848 2881 2880 2816 2818 2820 1545 2752 2963 2472 3047 3050 3053
696 1674 2739 2741 2867 2903 1368 2839 3012
697 2186 2470 2606 888 1390 2415 2786 2787 2377 2378 2719 2781 2824 2826 2379 2823 2835 432 2825 2795 2861 2776 2842 2896 1545 2475 3039 2473 3031 3032 3053
698 1852 2282 2618 2709 2810 2233 794 2406 2469 2886
699 2305 2450 1995 2334 637 1176 2674 1729
700 1674 1621 904 1366 2394 1317 96 128 2569 2570 2575 2598 2603 2604 122 2534 1902 1995 2785 2788 352 2415 2719 2781 2829 2835 2787 2827 2832 2858 2796 2846 2854 2798 2836 2847 2819 2861 2881 2710 2816 2818 2820 2752 1545 1096 2257 2957 2784 3050 1802
701 2606 2608 2609 2657 1357 1367 1165 2377 2415 1831
702 996 966 981 1082 1263 2617 2126 128 608 2066 2367 512 2799
703 1678 1530 502 1820 2842 800 2879 2766 3030
704 39 1680 2602 2187 1019 2569 2508 2378 2782 2829 2682 1169 2643 2833 2845 2710 2751 1545 1895 2612 2963 680 2906 2982 3031 3026 3053 3024
705 623 1725 1272 997 1674 1755 2008 565 2126 1263 2609 2607 2608 2602 2606 888 730 432 2220 2833 2845 2847 900 2776 2861 2337 2820 2880 2751 2904 680 2958 2475 2766 2472 2473 2474 3012 3050 3053
706 789 628 850 1311 2164 1131 1911 80
707 1919 1921 1982 2141 2174 2255 2486 2614 1912 2462 2430
708 3073 3006 3009 478 2938 3076 3090 2931 3091 3096 3095 3089
709 739 338 1028 2172 423 2946 1840 103 2313 1589 2585 1774
710 1506 1597 2018 647 1263 2709 1478 1997 2282 2037 652 1330
711 2427 2657 2740 2415 2719 352 1169 2962 2506 3047
712 380 2533 2792 2776 1357 2532 2820 2861 2710 1958 2879 2882
713 1940 2142 2631 2772 3045 2997 3076 2981 3077 3073 3074 3011 2949 2938 3038 2929 3090 3088 3048 3080 3091 3095 3096 3092
714 3073 478 3049 3077 2949 3045 3083 3004 3038 3048 3090 3091 3096 3095 3080 3081
715 40 2603 2427 352 2379 2820 1368 3029
716 538 919 1112 1659 1789 2340 2721 2774
717 20 1445 1787 2185 2453 2607 2574 2605 2569 1160 2760 2817 2823 2824 2415 2786 2781 2787 2822 2788 2789 2826 2827 2790 1169 2490 2795 2783 2859 2841 2818 2880 2896 2752 1545 2751 1895 2675 1958 2879 2967 3045 3033 3074 3076 3077 3067 3075
718 1263 394 1828 1954 2083 552 1870 555 2586 2708 2724 1697
719 692 1362 1497 829 1906 1997 1013 2005
720 2427 1167 2896 2798 2842 2841 2838 3042
721 84 19 93 1040 1164 1605 1085 1752 2100 2084 940 1993 907 2032 2033 2297 2548 1677 1280 2285 1737 2502 196 2324
722 490 668 969 797 703 2698 2378 1163 136 3000 3036 3091
723 3070 1451 2971 3037 3079 2966 2989 3082 2996 3081 3013 3094 2970
724 483 1218 1419 1445 1869 1416 2185 2143 2471 2602 2781 2710 1895 1208 1831 3055
725 1264 1378 2533 2789 900 2832 2842 2205 1364 2337 2905 2891
726 2730 1236 448 1785 2790 770 886 1748 840 2136 1948 2984 851 311 582 1587 1634 1757 2340 2451 397 586 1974 646
727 2470 2608 2848 2858 2698 2879 2882 2883 1831 3054
728 1553 752 262 1233 2799 968 1674 112 761
729 2601 2287 665 2791 2373 2790 1697 2864 2967 3035 2982 56
730 824 2290 1303 1392 218 2130 2021 248
731 19 83 183 1414 236 276 2162 916 1587 1590 2014 2064 2181 2184 2182
732 2464 1310 1852 2163 2255 2280 2648 2680 2695 2709 2885 1918
733 395 2378 2835 2541 2792 2859 2881 2820 2818 2880 2474 3054 3055 3056
734 1009 1932 1302 1073 2207 2208 581 1686 2094 1041 256 1572 16 745 563 182 1137
735 2066 2626 2770 2900 2853 2163 2286 2812 2934 2552 2615 2399 2695
736 2222 2224 695 2129 93 940 2032
737 6 2379 2378 2795 2836 2845 2846 2848 2797 2776 2881 2861 2816 2818 2820 1895 2963 1139 2784 2472 3026 2475 3030
738 346 949 1620 2592 1899 1796 446 1943 2339 685 2930 1678
739 2929 3093 3096 2981 3076 3077 3086 3069
740 1787 2185 2603 2608 2741 352 2834 2838 2856
741 2602 2604 2603 2605 2835 2791 2845 2848 2820 2678 2908 3055 3035 3051 3056
742 1494 768 1570 1148 2048 27 1334 2008
743 734 1726 2602 2100 2272 2606 2713 2790 2824 2831 432 2859 2795 2818 2820 2880 2882 2883 1668 3012 2766
744 2015 2655 1608 1580 2480 797 1541 1699 2191 645 2084 1086 2632 843 895 2072
745 3073 3000 3083 3088 3084 3090 2929 3091 3095 3096 3001
746 2599 2600 2604 2856 2752 2963 2784 3002 3062
747 1360 201 1748 2534 480 1573 169 674 1750 2794 2824 2826 2830 1839 900 2792 2825 8 2304 2820 2880 668 2882 2883 2733 543 2966 1838 202 2996 2969 3036 3074 3077 3026 3076 3075 2325 843 3050 3087 3043 3088 285 3091 3068 2986 3080
748 503 497 1578 2101 631 2145 2568 2598 2601
749 2568 2569 2600 1390 2791 352 2822 2858 2798 2751 2752
750 2598 2428 2568 2427 1614 2752 3034 3071
751 2997 3073 3011 3083 478 3090 3088 3038 3049 2931 3095 3096
752 64 662 1001 1628 1387 2398 1041 1310 1518
753 451 497 555 841 895 978 980 1306 2312 2761
754 1599 1746 2135 129 253 254 1061
755 1195 1265 1420 1869 2609 2606 2443 1165 1167 2373 2757 352 3061 3063
756 492 775 1322 660 89 1772 2382 2603 2570 2607 2606 2830 2846 2858 2776 2862 2881 2818 2820 2710 2841 2842 3052 3054 3062
757 2175 2158 2306 2083 2699 2934 2551 708 2163
758 1615 1869 2008 2575 2427 2601 1390 2791 2373 2783 2377 2796 2829 2825 2835 2710 2816 2752 678
759 3006 3045 3074 3049 3065 2931 3080 3091 3095 3048 3086 3000
760 2600 2605 2833 2845 2932 3027 3029 3052
761 1674 2374 2609 2606 2533 889 2534 2827 2828 2795 2796 2826 2859 2820 1545 2752 2882 2784 3032 2982 2491 3050 3053
762 865 2491 1071 1677 1818 1995 1050 1304 2224 1559
763 1674 2427 2657 1908 2337 2879 2882 2883 3030 3047
764 718 1615 2597 2602 2534 1679 1833 2790 2789 1664
765 2206 1976 2238 1224 2443 2846 2847 2848 2859 2836 2845 2783 2796 2797 2819 2837 2874 1614 1367 2862 2816 2818 2821 2880 2896 1546 3039
766 2489 1043 705 2053 2967 2471 3036 2986
767 1420 1674 2602 352 2377 2846 2848 2751 2752 2784 2473
768 2424 3001 3006 3073 3011 3077 2949 3049 3045 3087 3084 3088 3090 3038 3080 2931 3041 3095 3092 3093
769 1472 2737 2757 2800 607 2148 2147 2033 2404 797
770 1074 1869 2470 2606 2533 1357 2532 432 2792 2783 2795 2796 2797 2825 2859 2826 2534 2776 2881 2710 2816 2818 2880 2820 2905 2994 3050 3053
771 2286 2406 2280 2469 2812 2928 2734 2221
772 2949 2981 2997 3001 2938 3077 3006 3083 3090 3096 3091 3092
773 228 349 829 543 1298 1793 907 2539 1592 2415 2375 1390 2373 2682 2834 2794 1165 2379 2859 2836 2846 2847 2819 2861 2710 2816 2818 2820 2751 2906 3021 3025 3026 3032 3039 3023 3031 2999
774 981 1091 1310 1574 2163 2445 2469 2716 2870 2282
775 2831 2791 2836 2828 2751 1208 2784 646
776 2232 334 431 607 1537 1754 2010 325 2449
777 1787 2598 2415 2856 2490 2837 2751 3061
778 2198 323 1085 151 255 276 510 694 1135 1874
779 3044 3076 3049 478 3000 3011 3004 2931 3006 3080
780 552 999 1030 1066 2613 2650 2799 2809 1548 2282 2483 2812
781 156 1277 1898 505 560 106 1700 2668 1327
782 1263 1478 1601 1691 2066 2275 2386 2388 2418 2419 2421 2423 2701 2725
783 2049 2597 2785 2795 2828 2880 1851 3002 3028
784 1869 1906 2376 2608 2427 2655 2755 2862 1545
785 1263 2066 2367 2386 2401 2423 2432 2328 2418 2422 1478 2387 2419 1607 1710 2275 2421 1601 2388 2400 2420 2701 2277
786 12 13 1231 75 556 1291 1813 21
787 2101 1129 1376 2608 2629 2962 2472 2992
788 2577 2673 114 226 1942 1306 1038 607 428 1241 2207 2518
789 1062 1548 1560 2426 1031 2393 1423 2268 2934 3066
790 3073 478 3083 3084 3095 3092 3065 3093
791 1263 1607 2275 2367 2387 1478 2066 2459
792 960 1580 549 1835 1344 1595 1913 1745
793 2966 3017 3015 2996 3080 3094 3081 2970 2988
794 1438 1581 2180 2181 2677 2548 1766 2384
795 3006 3045 3077 3074 3083 3000 3019 3088 3093 3080 3090 2931 3048 3038 3069 3081 3089
796 1529 1329 2301 1467 725 2791 2492 2820 2751 2620 701
797 1240 1241 1485 2045 3 1806 523 1902 2019 2581 1589 489 800 1251 2892 1131
798 2602 2569 2598 2597 2427 2541 2842
799 2971 3070 3037 3080 2966 3069 3013 3094
800 879 481 1113 1175 1020 471 2072 1095 739
801 127 234 908 2448 2716 659 1086 1248 2062 1014 705 2573 1120 1779 1888
802 2629 887 730 2782 1169 2832 2337 1567 2506 2963 3063 3071 3060
803 2372 1224 2569 2604 2427 2657 2741 2682 2880 2833 2881 1831 2884 3002 3033 2999 3073 3096 3091 2991
804 36 1596 1808 797 151 451 275 1587 2383 2730
805 2603 2600 2609 2533 888 889 2534 2532 352 2794 2827 2818 2792 2797 900 2854 2795 2710 2820 1895 2678 2879 2883 3034 2766 3033 3055 3046 1844
806 2049 2596 2427 2736 2789 2842 2896 1958 2752
807 1039 1243 1432 1906 2227 1860 1049 1438 2963 3047
808 1322 2050 2216 2313 2380 2404 510 1987
809 3006 3077 3000 3073 3083 3038 3090 2931 3095 3096 3093
810 1826 2596 2428 2705 2856 2449 2846 2783 1030 2978 2187 2083 2945 3066 3061
811 1123 1297 227 954 253 1798 1517 1765 1766 2379 2373 2787 2789 2790 2382 2874 2798 2825 2706 2861 2862 1645 2967 2956 3045 3074
812 465 1307 2428 2603 2569 2377 2781 2823 352 2415 2443 2846 2783 2856 2858 2819 2833 2837 2816 2967 2026 2956 3009 3005 3035 2472 2969 3012 3021 2620 3055 2983
813 442 4 2376 1362 2211 2601 2569 1976 1680 2080 2375 2220 2817 2835 2837 2836 2846 2858 2862 2560 2026 1597 2085 79 3028 3039 3062
814 802 2575 2609 2377 2757 2834 2375 2378 2379 2858 1614 2862 2861
815 1362 663 1438 241 1577 2104 768 1606 1537 2181 2182 2211 2502 1754 784 1889 2382 1135 1977 2064
816 2066 2262 2282 2332 708 2163 2449 2469 2800 1680 999
817 768 1333 1473 1564 1974 1975 1997 2065 2445 1587 2787 2790
818 2597 2603 2415 2832 907 1569 2211 2508 3029
819 1036 1853 1076 290 549 1070 1358 1667 1754 1879 2031 2382 2500
820 3045 3073 478 3006 2592 3087 3083 3090 3091 3095 3096 3092 3093 3011 3001 3065
821 1505 2031 2179 2586 1455 1714 2000 2168 2182 2183 3057
822 543 1264 1296 1419 1420 1908 1975 2238 2428 2571 2251 2606 730 1746 3055
823 854 1046 871 1424 2979 2930 177
824 1797 2372 2539 1906 2837 2905 3042 3047
825 1086 1755 93 1797 1930 2006 328 1669 2139 2181 738 1452 2604 2803 2438 2830 2823 2798 2783 2796 2797 2776 2862 2880 2884 3000 3036 2620 722 3050 3082
826 2655 2375 93 2492 2862 2678 2962 2474
827 1448 1997 2727 2179 2180 2182 1754 2586
828 352 1357 1169 2481 2207 2208 2993 3027 3039
829 2007 2610 3001 2997 3006 3045 3049 3019 2592 3077 3087 3083 3076 3038 3080 3090 3096 3074 3000 3084 3067 3081 3093
830 64 1142 2779 705 1286 2709 43 479 1818
831 6 196 78 2155 2171 2564 352 2068 608 2264
832 2066 2367 2386 2400 2401 2432 1478 1661 1709 1710 2387 2421 659 2388 2418 2419
833 434 1322 1664 1786 2049 2604 2599 2605 887 888 1357 2534 900 2337 3021 2322 3071 3054 3055 3053
834 2774 3006 478 3009 3000 3011 3004 3091 3095 3045 3092 3093
835 1557 571 2382 2065 1086 2805 743 2310
836 47 2594 2163 2282 2552 2637 2695 2705
837 1069 934 368 369 236 966 1553 2066 1548 2315 2526
838 1280 1334 824 1292 1991 1276 2705 2805
839 1907 2008 2822 2817 2792 2824 2825 2826 2854 230
840 1065 374 305 1836 302 1116 535
841 2631 2191 3001 3035 3074 3036 3073 2938 3049 3083 3091 3084
842 182 1333 907 1443 282 119 120
843 320 634 1974 2843 477 2111 2274 367 966
844 2571 2604 2629 2427 2714 2776 2820
845 1869 2185 2372 2655 2373 2790 2860 2842 3071
846 49 75 56 200 145 458 1580 2799 1737 2324
847 1752 1366 2609 2607 2608 2714 2575 2739 1169 2752 3034 3051 3052
848 2607 2608 2629 2657 1169 888 2532 2862 1163 2797 2846 2337
849 1123 1257 1734 1890 1705 968 964 1169 2836 2858 1545 2752 3005 3023 3039 3030 262 2028 1586
850 456 2372 2713 2786 2833 2752 1742 3026
851 198 1284 1871 1967 2168 2270 2640 116 1992 2709 50 1982 1811 2064 815 1139 1142 1372 1535 2479 2878 2482 769
852 174 186 726 184 592 2605 2490 2537 2841 2842 2880 2751 3000
853 1021 1517 2785 2789 2835 2719 2781 2858 2085 2153 2967 2752 2751 3029 3028 3045 3074 3024
854 953 2518 2517 1983 1948 1032 1547 2409
855 1160 1491 1197 2252 2539 2857 2846 2905 2472 2473 2982 2998
856 1812 243 1029 2562 1725 2338 2872
857 2070 1026 2220 1304 2065 2522 12 13 1644 1263 1682 2477 862 1676 1586 2726 182 1403 895
858 732 1039 1298 1322 1265 1297 1420 1755 2101 2229 2571 2602 2598 2601 2604 2569 2574 2603 2713 432 2792 2795 2798 2828 2825 2832 2881 2880 2841 2842 2752 1545 1895 2879 1958 2882 3026 3030 2472 3027 3028 3039 3050 3052 3053 3054 3055
859 165 807 1906 540 2050 2428 2682 1162 2918 1030 2982 2992
860 985 2372 2428 2603 2568 341 1357 2375
861 807 1195 1322 1264 1433 1627 2049 2252 2533 2488 2860 2978
862 1911 2574 2572 2571 2428 2568 3055 3064 3062
863 67 72 89 160 230 2245 2313 2327 294 978 1093 1619 284 2567 151 266 467 1135 1281 1737 1738 1881 1975 2119 2527 2535 829 1719 1748 2369 1375
864 423 1581 2383 174 797 1797 38 40 2065 508 1587 11 13 2730 1630 1776
865 1272 1433 1797 2607 2376 2757 3047 3067
866 1263 1478 1607 1709 1710 2066 2275 2367 2386 2421 2432
867 219 13 705 1844 1586 2194 1560 1680 1588 2188 1773
868 2539 2609 2607 2443 2837 2755 2891 2907
869 1860 2470 2539 2428 581 2606 2251 2532 2534 889 1357 2489 2789 2790 2787 1546 1545 2751 2958 2999 3061 3053
870 266 1322 653 1755 845 2438 2608 2368 2533 442 2857 2257 2957
871 1218 1322 1297 1420 1357 2782 2824 2827 2826 2798 2795 2828 2883 2882 2475 3040
872 387 2374 2470 2760 2796 2490 1368 1353 3025 3034 3033 3071
873 740 2736 2502 58 946 384 601 1336 1977 2308 1567 2889
874 2600 2741 2817 352 2415 1162 2783 2845 1546 2473
875 72 531 1315 2104 2353 650 728 1733 181 1503 1931 2894 1995 2402 2556 1490
876 42 989 1279 2735 565 1899 2736 1874
877 1182 1379 2136 2319 1061 477 2357 2324
878 3048 3090 3038 3096 3001 3093 3000 3044
879 1152 107 1692 2050 241 2428 2597 2713 2415 2782 2832 2874 1367 2904 2999 1830
880 1310 2715 1982 2658 2695 2812 708 899 2900 2945
881 1896 1865 542 1163 596 1330 1930 463 1680 1271
882 1643 1844 1966 2084 2329 22 1881 2113 2271 2183
883 957 2017 2180 2182 2445 1552 2353
884 296 405 383 315 314 365
885 2376 2596 2570 2597 2789 2785 2819 2336 2337 2612 2907 3052
886 181 481 179 1686 2056 565 1677 347 1035
887 2599 2572 2569 2607 2570 2427 2575 2824 2792 2825 2751 2904 3026 3030 3032 3053
888 1322 1432 1433 86 2365 2609 2569 2606 1357 2828 2999
889 802 1906 2848 1165 2845 2795 3024 3051
890 802 1906 2655 2740 1546 2918 3028 3050 3024
891 1912 1914 1982 1346 1917 2109 2175 2478 2247
892 2123 2201 500 1888 2892 2653
893 1298 1243 93 1430 1664 311 1977 328 465 1930 1040 1718 1148 1588 853 2557 1090 1685 1647 2064
894 3073 478 3006 3045 3049 3074 3077 2938 3000 3083 3087 3088 3076 3048 3065 3090 3013 3095 3096 2981 3093 3080 3081 3038
895 1152 1419 1615 1787 1907 2100 2410 2365 2539 740
896 319 1135 1224 2797 2820 1208 2710 2880 2474
897 88 128 355 1379 2033 2668 2269 2441 475
898 2601 2602 2606 2790 2379 2823 2378 2789 352 2787 2826 2835 2781 2786 2719 2854 2788 2797 2785 2795 2819 2825 2859 2881 2818 2820 2880 2752 2883 2982 3028 3032 3039 2473 3063 3053 3054
899 1153 555 1199 1902 514 815 62 67 1234
900 1418 2372 2374 2570 2572 2568 352 1165 2821 2841 2867
901 1674 1202 2171 765 2803 2819 2502 2860 2311 2428 1379 2179
902 2597 2629 2603 2533 2657 2656 352 2739 2488 2791 2857 2867 2816 1546 680 3034 3061 3063 3071
903 2574 2427 887 2377 2831 2415 2719 2827 2781 2783 2858 2797 2854 1357 2751 3039 3064 2999
904 3049 3004 3083 3093 3095 3096 3001 3069
905 1375 2599 2604 2657 2760 2978 3040 3061 327
906 928 1787 646 2556 558 665 1096 1117 2349 1040
907 1232 1430 1797 2655 2657 2710 2752 2472
908 1621 541 1127 1552 813 2313 951 931 3045 3076 3093
909 2572 2629 2571 2822 1614 1390 432 2867 2841 2832 2859 1368 2890 2710
910 2140 2010 2084 2593 777 1362 2586 815
911 543 1906 2570 1390 2795 18 3032 3034 3033
912 326 884 836 1930 787 2926 981 1848 2774
913 316 691 1510 1732 833 1752 572 1288 186 1897 181 183 1697 311 608 2051 128 1956 983 2210 1819 2050 2130 2448 178 945 2106 896 482 2373 417 2207 2208 924 175 2832 891 2866 2842 2958 3063 3046
914 2795 2828 2844 2857 2841 2862 2867 2816 2839
915 1021 2781 2795 2789 2783 2841 2472 3027 2473
916 732 483 1007 1432 1296 1322 1298 2476 2557 2794 2826 889 1357 2532 1233
917 1913 430 2338 1314 2264 1304 2059 3061
918 447 112 1317 2072 2339 1059
919 1869 2453 2608 2598 2603 888 2822 1165 1168 2828 2854 2819 2751 3064
920 572 2143 2372 2403 2655 2377 1169 284
921 992 1249 1816 1128 1713 1447 1448 2063 2064 1327 2642 1716 1728 2202 2773 2553 2591 2893 1064
922 1260 2426 2424 1845 2884 698 2962 2840
923 1630 1529 2050 1860 2571 2427 2572 2760 2849 2837 2880 2336 2263 2993
924 2297 1979 2276 2502 1617 1108 1796 1428
925 437 1058 2548 1060 1644 629 1756
926 70 1086 177 407 682 393 238 394 376 388 1673 397 474 15 302 409 366 419 466 450 808 1272 1297 1432 345 1344 698 2100 714 2229 2955 2986 3092 2983 3087
927 2570 2833 2856 2842 2710 1851 1259 3064 3062
928 55 724 547 1786 2740 2374 1519 2992
929 575 1297 2428 1001 2862 2783 2826 1208 2839 2908 3002 3023
930 807 808 1069 1322 1430 1445 1674 2374 2252 2751 3062 3053 2986
931 1218 93 1869 2428 2427 2896 2881 2678
932 454 192 954 319 116 1734 2378 2835 2790 2881 2786 2785 2788 432 2842 1879 2904 2958
933 2756 3057 2938 3045 3074 3077 478 3000 3083 3087 3088 3011 3091 2931 3095 3092 3080 3096
934 1755 1826 1907 2049 2206 2143 2229 2372 2471 2597 2602 2605 2603 2604 2607 2609 352 2373 2375 2827 2835 2781 2786 2790 2822 2785 2817 2415 2829 2783 2798 2819 2847 2874 2797 2828 432 1163 1165 1168 2832 2836 2845 2858 2881 3031
935 1019 892 688 664 1221 2632 867 403
936 1444 966 2543 2584 2312 1442 627 2849 356 2100 2565
937 2051 1499 2655 2739 2740 2541 2821 1545 1379
938 2234 22 740 815 2084 2138 2384 1587 2020
939 2292 2066 2393 2483 2626 2934 2286 2363 899 2183 2385 2499 2924 2204 2900 2695 2280 2649 2886 2498 2703
940 1445 1674 1627 1793 2470 2846 2958 2999
941 1754 1813 633 907 78 1234 1625 1974 2838 573
942 1702 1775 1268 1094 678 2350 2662 2830 200 1269
943 1085 1374 1306 2428 889 1357 2532 2534 2826 2827 2792 2798 2854 900 2783 2797 2836 2845 2858 2874 1614 2490 2795 1163 2859 2832 2846 2847 2881 2820 2710 2751 2752 1895 1545 1546 1958 2882 680 2784 2475 2993 3023 3026 2472 3025 3027 3028 3030 3031 3039 3053 3062 3086
944 2488 2532 1357 889 2786 2787 2830 2831 1163 2833 1614 2848 2858 2818 2816 2752 1958 3031 3039 2475 3021 2472 3027 3064 3062 2998 3052 3055
945 108 768 1479 1857 974 2464 942 2266
946 807 596 1272 1432 1430 1419 1674 2219
947 2172 2410 903 2185 2604 2415 1169 352 2682 2835 1163 2490 2842 2907 2474 2475 2982 3067
948 821 1267 1268 1432 592 2539 2428 2602 2739 2789 2751 2475 3033
949 1141 1664 2609 2572 2403 2739 2789 2534 1390 2377 2826 2827 2833 2835 2848 2795
950 1074 1908 811 1044 421 1135 2568 2600 2574 2605 2575 2571 2604 2375 737 1163 556 2378 2829 2841
951 1814 1586 1253 2065 1864 82 1135 1362 1680 451
952 3006 3011 478 3019 3000 3074 3077 3087 3049 3084 3088 3038 3090 3092 3091 3044 3096 3093 3080 3081
953 183 1647 2980 1588 1057 2353 2179 514 1644 2304
954 1224 2427 2657 2739 2856 2858 2833 2845 2472 2998 3056
955 2741 888 2534 2788 2790 2831 2824 2859 432 900 2797 2832
956 2949 3073 478 2938 3083 3038 3090 3091 3013 2588
957 1585 1990 2520 1473 2758 2873 502 1231
958 1405 470 511 472 473 600 497
959 274 156 109 1314 2431 250 1573 934
960 3045 3049 3038 2931 2929 3091 3095 3092 3096 3093
961 808 1195 1911 2789 2375 1861 2700 1194 2193
962 697 997 1426 1821 2204 1119 2398 3084
963 608 2289 501 1852 1640 1423 999 1719
964 1547 799 242 1305 1811 1495 2074 1482 2193 16 206 885 1173 2929 1894 2052
965 1907 2229 2598 2604 2569 2609 2845 2826 2918 3034
966 1362 2310 1891 2897 2965 2244 2499
967 1202 1586 148 2539 2710 2675 3021 3046 3067
968 1907 1196 2229 1207 272 2403 672 2838 2978 2958 3042 1259
969 1332 2238 1169 2570 1116 2783 2826 2776 2825 2821 1625 2967
970 2596 2827 1163 1165 1168 1614 2797 2798 2825 2795 2861 2837 2816 2818 2821 1546 2752 2751 2879 2882 2474 3012 3032 2472 2473 2475 3028 3027 2999 3053 3062
971 395 1906 1908 2597 2603 2791 2793 2787 2378 2858 2881 2816 2818 445 2880 3028 2472 2473 3027 945 1697 1375 1910 174 665
972 1419 825 1348 888 2794 2881 1895 2904 2992
973 880 1210 2471 1165 1208 2838 2918 797 1827 650
974 386 852 2265 2224 490 2222 2858 2271
975 1599 2121 334 2063 1904 241 2672 2270 2540 630 1598 2628
976 795 2714 367 748 2166 2312 72
977 2949 3090 3048 3006 3095 3096 3000 3001
978 441 766 160 1981 461 917 895 978 1511 234 627
979 580 1584 418 153 2490 157 690 1004 70 519 2420 1634 509 598
980 2539 2600 2427 2251 2375 2819 2862 2795 2337 1567 2506 2978 3042 2491 2998 3046 3067
981 1828 2410 2376 2470 2471 2605 2786 2834 1958
982 417 95 96 1160 263 1068 84 266 2217 2569 965 2373 2787 2817 2220 2791 2830 2829 2783 2795 2786 2797 1168 2798 432 2881 2785 2816 2818 1546 1545 2752 2963 3033 3030 2475 3028 3021 3032 3077 3074
983 1877 2296 1544 753 1991 1992 2093 2244 1278 549 2591 1523 1759
984 2931 2576 1040 895 229 970 2790 1057
985 46 1676 1564 8 27 849 1142
986 1013 1050 715 1548 1035 2461 976 1018
987 2376 2608 2606 2534 888 2375 2787 2790 2847 2820 2896 2336 2337 1208 2883 2879 2882 1831 2932
988 2463 1518 1731 2936 2702 2747 2801 659 981
989 825 723 2186 303 2829 2908 3004 3056 2983 2986 2929 3041
990 565 2291 1151 715 1023 1350 2877 2928
991 2356 2359 1704 1848 1955 1984 2035 2364
992 2597 2427 2605 2739 2415 2657 2848 2488 2818 2842 2678 2884 3051
993 505 2376 862 2603 2818 900 2839 245
994 1123 1298 802 1297 718 1906 2605 2760 2788 2822 2823 2785 1163 2846 2836 2795 2832 2854 1367 2710 2958 2
995 659 2387 2422 1263 1601 1661 2039 2066 2419 2423
996 270 1906 2101 2760 2532 2817 2788 2993
997 2061 458 1126 2805 2554 4 1754 1590 1724 1996 325 1099 1235 1984 2284
998 266 1332 93 1270 497 238 477 40 1625 331 768 216
999 1924 1856 2834 2835 2881 2710 2816 3023 3039 3024 3050 3062
1000 708 899 1062 2044 2483 1548 1879 477 2148 1982 2616 633 1279 2819 2856 514 62 2837 2337 2430 1958 2962 2491 981
1001 127 2449 2363 2163 709 1548 2362 188
1002 0 2202 2331 2387 2686 2744 836 1116 1385 1412 1362 1774 1872 2449 2677 2709 2286 2445 1114 2163 2469 2722 1818 1949 2640 2812 2244 585
1003 1294 2166 1874 2477 2533 2534 1357 888 2794 2830 2831 2824 2826 2783 2828 702 2881 2818 2820 2472 2473 3012 3021 1259 3027 3030 3032 3023 2474 2475 3028 3031
1004 2186 2428 2427 2796 2719 2795 2783 2797 2867 3071
1005 1039 1418 1664 1975 2471 2656 280 2757 2842 1162 2861 3063 3051
1006 802 1907 2229 2603 2602 888 2463 2656 2860 2896 2752 2883 2891 2968 1742 2307
1007 7 1322 1297 1529 2229 332 2403 2639 1210 2776 2751 2752 2678 2999
1008 1544 1754 79 49 1292 1381 1448 2064 2104 2897 909 2114
1009 2574 2427 1908 2823 2834 1162 2822 2821 2844 2867 2904
1010 752 1560 1612 2289 2547 2181 385 720 2183 1975
1011 759 1247 1019 2592 523 288 1048 2891 2512
1012 2599 2572 2601 2856 2838 1256 2784 2473 3002
1013 1258 1490 1328 236 1005 838 565 2346 782 1505 2966 2888
1014 2099 2603 2427 1425 888 2373 2835 2791 2790 2490 2833 2783 2787 2880 2752 2879 2882 2883 2584
1015 1296 1432 1433 1615 1674 1906 592 1860 2569 2557 2819 2827
1016 659 1478 1601 1712 2039 2277 2367 2386 2388 2422 2423 2432
1017 1366 887 2741 2534 2795 2532 1357 2962 3025 2992 3053
1018 2427 2428 2822 2373 2817 2719 2854 2782 2781 2830 1168 2833 2798 1614 2796 2797 556 2828 2825 2751
1019 2403 2793 2842 2752 1208 2784 3061 3063
1020 3006 3088 3084 3090 3091 3048 3065 3096 3095 3000 3069 3044
1021 438 557 933 1322 1418 2049 2252 2569 2427 2606 1168 2710 2751 3040 3051 3046
1022 1504 936 280 2374 2372 2829 2379 2719 2821 2861 3022 2491
1023 2376 275 2803 2819 2785 2788 2962 3002
1024 2829 2827 1163 2796 2797 1165 2861 2751 3050 3062
1025 1605 352 2823 2822 2781 2827 2824 2490 1168 1614 2798 2443 2967 3033 2986
1026 1494 648 981 1982 2163 2280 2449 2705
1027 2380 1315 1587 1603 1677 1819 2578 2 529 2501
1028 182 565 1548 1676 2066 2136 981 2502
1029 3011 3049 3076 3077 3083 3006 3093 3001 3096 3095 3000
1030 1657 2334 685 2466 885 2570 410 2321
1031 1504 889 2789 2824 1165 2854 2798 2783 2816 2818 2842 2710 2841 2896
1032 1284 2086 2380 1994 2184 565 1429 2189 2445 1520 1587
1033 1272 1054 1243 1420 1627 1755 2828 1742 3025
1034 279 1210 1183 2861 2784 1742 2982 3047 3067
1035 1574 2469 2658 2699 1030 708 1548 2066
1036 175 953 228 264 176 190 252 636 658 352 2797 641 1625 1975 2836 2833 2837 2845 2957 3012
1037 658 1195 997 218 1511 1676 1674 1826 957 1860 2393 884 2427 2305 1167 2896 2776 2862 2709 2726 2637 2842 2469 2839 2737 2751 3025 3021
1038 234 127 1252 1478 48 1656 842 1976 1977
1039 1777 1797 607 2539 2377 2785 2788 2789 2514 2835 2220 432 2842 2856 2858 2710 2967 1546 3000 3023 2472 2473 2475 3026 3036 3004 3050 3053 3056
1040 2428 2596 2600 2606 2532 1162 1169 2896 3024
1041 1975 657 2789 2541 2820 2957 2932 3056
1042 974 652 1975 2079 1403 2272 477 903
1043 418 2733 1280 1915 1919 2363 1346
1044 797 925 2736 7 151 1535 1787 2033
1045 2793 2823 1167 2795 2860 2918 3023 3029 3051
1046 3011 3049 3084 478 3006 3077 3083 3088 3090 3019 2931 3038 3004 3095 3093 3000
1047 635 1758 1808 2015 1182 2667 217 1741
1048 1566 1024 2227 1635 1879 2539 2557 2534 888 2532 2836 2874 2751 2957 2907 865 2906 3035 2982 2473 3030 3027 3032 3053 3054 3036 3077
1049 394 807 808 302 1272 93 2100 2714 2996
1050 2607 2608 2601 2575 730 2782 2846 2848 2830 2831 1169 2796 2836 2847 2854 2856 2858 2833 2845 2896 2821 3050
1051 601 1873 1999 1525 1293 542 1774 1927 1322 692 1006 1381 2310 2380
1052 2708 3074 3077 3084 2931 3083 3088 2981 3091 3092 3086
1053 2428 2739 2878 2859 2896 2776 887 2337 3000 3045 3038 3004 2929 3041
1054 1536 1119 2361 2258 330 1967 1977 2209
1055 2410 2251 2782 2373 2827 2792 2795 2798 2819 2828 2859
1056 2374 2539 2599 2427 1390 2373 2794 2817 2790 2796
1057 1175 1539 1315 1491 721 665 738 818 287 66 320 1060 1715 861 237 884 1673 126 1939
1058 3070 3037 2966 3017 3085 3080 3081 2970
1059 430 669 768 981 594 1528 1690 607
1060 1664 1908 2471 2714 2833 2836 1390 2835 2845 2710 2307
1061 1243 1787 2050 289 369 1563 2090 895 1735 118 2589 2657 2739 2740 2756 2415 2819 2822 2835 2781 2782 2792 2795 2867 2752 2891 1027 701 2475 3034 2992 3071
1062 216 2286 2600 352 2373 2379 2787 2377 286 2270 3028 3029
1063 487 2374 2099 1224 186 1470 1357 889 2825 2827 2882 2879 2907
1064 2949 3090 3048 2931 3091 3096 3000 3001
1065 483 1298 1322 1433 1907 2185
1066 371 1271 1797 740 2476 1477 2741 2532 2534 1084 2797 2824 2826 2859 1008 2751 1767 2957 2884 990 127 2982 3046 940
1067 789 169 2539 2596 2599 2605 2604 2739 2741 556 2842 1546
1068 2224 1334 1682 1602 1962 1680 1381 1514
1069 2428 2657 2655 352 2415 2783 2854 2490 2541 2896 2752
1070 2333 2063 2065 1993 1537 1049 2402 46 1199 2312 341 1997 2684
1071 267 1975 2427 888 2534 2826 2827 2795 2783
1072 2449 2695 2709 2282 1092 2637 2221 2439 2615 2262
1073 3073 3000 3006 3074 3077 3087 3083 3076 3084 3090 2931 3048 3092 3091 3093 3095
1074 480 1096 931 2220 988 1952 1233 2663
1075 355 2046 2848 2776 2881 2336 2820 2879 2883 75 2473 3039 3051 3052 3050 3054
1076 2741 352 2786 2793 2415 2836 3060 3055
1077 701 2362 2436 3048 3092 2931 3001 2588
1078 1716 1719 895 1056 1680 2319 477 2089 992
1079 2766 3078 3082 2971 3070 3079 3085 2970 2988
1080 2320 1696 2449 2468 2066 2454 2498 2393 2695 2885 2262 2637
1081 1328 1862 1790 173 1262 1459 244 140 209 1997 2511 1844 818 1040 20 2868 2062 1912
1082 659 2386 2387 1661 2039 2066 2423 1478 1607 1710 2421 2275 2432 1601 1712 2277 2388 2400 2422
1083 2569 2570 2601 2598 888 2739 2791 2793 2786 2787 1390 2719 2785 2788 2829 2830 2822 1614 432 2795 2856 1165 2797 2845 1163 2846 2848 1169 2490 2881 2776 2336 2751 2967 3021 3032 3025 3023 2472 2473 3028 3027 2475 3062 3053 3077 3087
1084 987 1429 1843 2494 2578 2805 895 1061 833 1381 1603 1974
1085 2387 2422 1263 1661 2039 2066 2423 1478 1607 1709 1710 2367 2421 2275 2432 1691 2388 2401 2418 2420 2701 2725 1601 2400
1086 1174 828 187 1056 2975 628 1937 2901
1087 2745 2746 711 2329 1049 1098 2712 2449 2163 2773 2552
1088 896 169 1428 1940 2870
1089 1440 1362 1622 2313 2737 175 698 2017 2258 1813 2182 2502 2740 497 740 1999 2289
1090 2836 2837 2905 1760 1343 64 859 967 50 3015 3050 3005
1091 294 295 469 966 1402 835 1778 503
1092 2997 3058 2994 3006 3073 3009 2949 478 3049 3045 3000 3083 3090 3084 2925
1093 2470 2657 2760 2790 2832 2787 2825 2820
1094 1420 785 1674 2051 2185 1224 2599 2470 2427 2403 1147 2322
1095 3006 3049 3074 478 3077 3083 3090 3045 3076 3038 3091 3001 3093 3096 3080 3044
1096 1322 1935 2050 2629 2633 637 1868 797
1097 768 2622 1033 1644 1645 2431 1646 2613 980 1949 2553 2641 2653 206 2452 207 3076
1098 818 1186 668 1426 2452 428 217 2247 816 1460 2124
1099 2001 41 197 504 1727 1961 1142 163 229 1216 768 1250 2935
1100 645 1438 2287 2655 2846 2849 2842 1567 2297 503 2978 1236 2472 2473 3056
1101 888 352 2786 2415 2793 2377 2378 2379 2719 2781 2817 1165 1169 1168 2842 1895 2026 2751 2752 1546 3005 3030
1102 1295 1627 1906 2453 2599 2604 2557 2427 2845 1390 2378 2415 2860 2797 2859 2379 2795 2336 3040
1103 1805 902 978 1187 1202 1341 2440 47
1104 1772 1906 1908 2427 2794 2795 432 2828 2832 2859 2798 2819 2796 2825 2857 2861 2903 2820 2904 1958
1105 1152 1322 1265 1772 2186 2372 2572 2833 432 2796 2859 2821 2837 2820 2883
1106 1411 1452 2805 363 1244 2512 364 1286 964 2559 2815 1362 2052 495 2178 2656 13 1562 200 2452 1096 1313 1110 957 965 1271 1579 1284 1292 884 1590 1844 2413 2963 17 1515 551 2586 1153 1312
1107 787 829 995 1388 1400 1622 1925 2014 2172 838
1108 55 2609 2789 2842 2337 680 2968 451
1109 2428 2600 2657 2792 2820 2751 2862 2839 2963 2506 3062
1110 2354 2364 605 1121 565 637 1677 2193 2632 1587 1701 2923 1448 2408 1588 2017 2136 1310 2356 479 680
1111 677 1374 351 1725 1997 1479 1817 665 305 310
1112 2051 2608 2589 2817 2861 900 2488 2841 1831 3064
1113 1074 89 276 160 147 445 1061 2605 925 859 40 1167 2848 2842 2918 421
1114 1786 2185 2597 1224 2655 2803 2492 2220 2698 2820 1368 1208 2612 2963 2955 2967 2956 2978 2319 3042 3045 3053 3055 3074 3076 3077 3056 3075 2919 18
1115 543 1418 1906 2100 2557 2859 2797 2858 2798 2832 2752 1958 3031
1116 718 2589 2794 2819 2820 2896 2752 3056
1117 2568 2655 352 1614 2783 2821 2854 2968 3071
1118 1389 1454 8 2407 2449 2469 2158 1506 2616 1680 1718 1299 2382 208 2254
1119 3001 3011 3049 3045 3087 3088 3090 3096
1120 1575 1366 1133 2373 716 2598 2657 947 2740 2786 2443 2834 2836 2826 2832 76 1203 2841 2751 2839 2820 2838 2968 2026 2153 735 2963 2932 2904 3000 2474 3024 3035 3047 2939
1121 1997 58 555 1191 1754 1335 1996 1587
1122 174 280 556 933 2575 2569 2570 2598 2601 2791 2793 2757 2373 2719 2781 2378 2377 1167 2795 2822 2827 2783 2854 2830 2833 2845 2856 2848 2835 2861 2842 2751 1545 3035 2475 3023 3039 2085 3022 3004 3036 3062 3053 2939 3093 3092 2969 3076 3077 3087
1123 1296 876 2374 2050 2471 442 2014 2957 2978 3067
1124 963 131 899 1062 1091 2509 266 1590 1680 1310 2563 2800 1311 2999
1125 2560 981 639 1987 2946 128 2395 2339 657 2704 2726 2746 1587 2708 2316 710 2870 842 950 1693 1599 1600 1598 2014 2623 1466
1126 1428 1175 1381 1448 1452 1678 1819 2140 2183
1127 623 1298 718 1296 1430 592 2606 151 1452 2280
1128 436 342 1152 1265 163 2574
1129 1986 2182 2183 175 1933 2180 2179 2003 2005 2353 1857
1130 353 1574 540 1860 539 1834 574 2557 599 888 2534 2845 2837 2783 2134 2918 1958 2882 2883 2957 2506 2958 2992
1131 2369 35 20 479 1566 151 1690 1994 1954
1132 1939 2266 377 584 1915 1975 2616 1916 1125 2432 740 2504 1175 1960 1964 1997 28
1133 2163 2244 2469 1263 2495 2221 2445 2615 2637 2703 2650 2720 2726 2914 1926 2702 1877 2761 2499 2454 1478 2937 2237
1134 334 383 670 320 1879 1304 760 2625 125
1135 434 237 292 293 257 1430 358 1826 2186 2600 2484 607 2823 2489 2857 2612 2906 3071 1547
1136 2340 1601 1975 30 196 2181 151 2729 453 2861 2925 724 2451 2035 3004
1137 1264 1615 2571 2601 2602 2603 2568 2569 888 2443 2532 2373 2378 2379 2817 2835 352 1390 2827 2824 432 900 2795 2783 2796 2797 2832 2776 2881 2861 2820 2710 2751 1304
1138 1547 2185 977 1832 2046 447 2041 2452
1139 829 543 483 1243 2589 2787 2789 2826 2785 2830 2719 2373 2834 2835 2854
1140 1866 180 1135 1647 2142 523 2089 2997
1141 2064 1193 529 1289 1363 2502 2674 818 1080 1586 1177 2358
1142 197 1510 2072 2930 693 2263 758 791 1312 2983 2180 2311
1143 659 1478 1782 2387 1263 1607 1661 1709 1710 2367 2421 2459 2432 1601 1691 2400 2418 2419 2420 2423 2701 1712 2039 2277
1144 2605 2847 2896 2918 2257 2958 2475 2982
1145 1356 1085 1835 1544 895 2104 2431 1447
1146 1586 2063 1613 2273 2447 1680 1695 2897 1879
1147 2461 2853 708 2163 2934 2994 3057 3066 2280 2282 2286 2306 2367 2393 2449 2487 2616 2626 2658 2695
1148 3001 2949 3006 478 3077 3011 3045 3000 3083 3087 3090 3091 3092 3095 3093
1149 1217 483 261 1706 1797 2428 2655 2532 2490 2896 2837 3034
1150 344 2252 2598 2571 2861 2862 2963 238 870 2958 2409 2992 3050 3052 3062
1151 1264 1170 2453 1139 2539 2557 2570 2795 2203 2820 3033 3061
1152 2570 2574 2532 1357 2534 2790 2791 2829 1390 2373 2794 2817 2824 2826 2830 2796 2798 2792 2861 2862 2819 2859 2832 2846 432 2825 2797 1367 2837 2881 2880 2710 2818 2820 1895 1958 2879 2882 2883 3030
1153 829 2431 1104 1780 1913 2429 635 950
1154 555 651 1100 1032 1093 1569 125 820 2334 552 1478 1538
1155 338 1917 1062 1915 1919 1982 2255 2389 2460 503 1013 2235 697 844 2928 990 162 981 1023
1156 659 1263 1478 1601 1691 2386 2388 2401 2418 2419 2421 2423 2432 2701 2725 1712 2039 2277 2400
1157 1379 1783 1680 127 2053 2438 2132 2405 1899
1158 675 1163 1300 2049 592 1807 216 89 2597 2598 2608 2605 2819 2820 1831 2904
1159 1167 2719 2831 352 2781 2791 2415 2824 2826 2827 2822 2830 2785 2790 2835 2796 2795 1614 2783 2874 1168 432 900 2751
1160 914 112 125 585 347 595 807 604 1123 1074 1273 1272 1298 1085 1432 873 1907 1975 2365 2427
1161 665 1807 276 1163 125 977 47 2322
1162 1509 1536 784 1782 75 665 555 2504 1906 2340
1163 2606 2760 2379 889 2534 2787 2415 2844
1164 751 911 2260 1001 2933 2902 1076 2325 423 2762
1165 3006 3083 3090 2931 3045 3091 3092 3096 3095 3093 3044
1166 2050 2596 2603 2752 2751 1471 2932 2474 3056
1167 1298 57 1569 2471 2596 2600 2714 2655 2789
1168 632 355 47 1441 649 132 500 1754 102 1718 93 84
1169 559 1860 2539 2589 2574 2783 2752 2784 3047
1170 607 729 526 1103 1346 116 1666 236 816 817 1050 640 637 546 548 1810 2203 1120 1121 1716 370 544 651 1382 1128 142 425 1595 2011 1397 847 500
1171 2039 1819 1587 2155 1930 2109 2486 1915 2508
1172 223 1224 1202 2739 2740 2847 900 1563 2968 2932 3046
1173 475 732 1298 1432 1296 1975 1384 2476 2598 2601 2756 787 3056
1174 1217 1906 2372 2539 2571 2605 2575 2569 2427 2598 2534 2533 2788 2782 888 2846 2827 900 1928 2798 2520 2724
1175 2206 2598 1167 352 2532 2834 2881 2856 2858 1368 2838 3040 3071
1176 3001 2981 2997 3044 3077 3076 478 3049 3087 2991 3093
1177 63 301 325 485 80 1787 13 2042 2604 1224 2797 1208 1851 2963
1178 390 608 857 1717 535 683 571 1766 1176
1179 1775 3006 3049 3045 3076 3074 3077 3084 3088 3004 3096 3000 3080 3044 3065
1180 893 2245 451 206 980 1778 460 107 2780
1181 1021 1069 1123 95 1298 1322 1826 1787 1793 2004 1860 2251 2042 2713 2714 2880 2794 2849 479 2910 571 3005 3035 3004
1182 1980 784 2736 1676 1102 1677 2504 2718 1525 2033 78 1260
1183 222 326 75 260 1172 829 1074 1182 253 1295 337 1413 46 1419 1496 451 173 1064 1447 2064 1335 592 895 2609 815 74 1703 1280 2657 2349 2714 1167 2736 2791 2794 2847 432 2792 2880 900 2836 2294 1669 54 2876 1677 2502 2210 769 2214 1253 1655 2513 1587 2820 2485 1545 1958 1333 2264 2612 2879 2882 2963 2932 352 2315 256 849 1894 41 1279 1334 3042 3031 3040
1184 1532 1263 50 1900 1908 2065 2902 2592
1185 2171 2598 2601 2571 2605 2377 2379 2791 2793 2794 1390 1169 2792 2847 1820 2846 2848 2833 2845 2858 2710 2816 2818 2751 3005 3026
1186 1674 1787 2428 2601 2657 730 2220 2675 2986
1187 1906 2597 2378 2819 2488 2795 3055 3054
1188 2066 2367 2401 2423 2328 2418 2459 1782 2387 2422 1478 1601 1607 1709 1710 2419 2421 1691 2275 2388 2400 2420 2701 1712 2277
1189 1419 1687 2050 2471 2740 2794 2826 2842
1190 1021 1039 1298 1264 1295 1432 1433 1869 1906 71 2365 2410 2557 2760 1390 2786 2378 2379 352 2220 2377 2757 2794 2826 2719 2785 2788 2791 2793 2823 2831 2534 2782 2822 2781 2790 2829 2835 1163 556 1168 1169 2443 2832 2792 2874 2795 2797 2798 432 2846 2848 2837 2881 2710 2820 2841 2842 2751 1546 1958 2882 2955 2956 2967 3045 3025 3036 3027 2472 2473 3026 3030 3032 3039 3064 2986 3080 3091 3092
1191 1615 2410 2845 2844 2883 3040 3060 3052 3022
1192 1009 2101 2568 1390 2826 2379 2836 2880 1545 1546 1958 2752 2784 3026 3050
1193 1424 2497 1441 1649 925 716 19 2629 1383 927 1831 641 1180 294 908 2198 526 585
1194 1264 282 1786 2572 2825 900 2532 2854 2820 2880 2818
1195 2575 2829 2373 1614 2848 1165 2490 2833 2845 1163 2783 2797 2821 3062 3064
1196 1340 1339 1480 2539 2600 2427 2760 1167 2415 432 2859 2337 2796 3040
1197 1192 1231 127 2778 128 1623 2773 260 529 585 1304
1198 1384 500 771 78 2104 1438 1375 151 173
1199 1263 1478 1601 1661 2066 2387 2419 659
1200 2386 2400 2423 2066 2418 2422 2432 2459
1201 2026 3074 3076 3077 3073 3004 3080 3086
1202 2374 2427 2657 2823 1162 2836 2896 3063
1203 1982 2549 2469 1229 2449 2454 2626 2699 1918 2614 1917 2175
1204 268 263 718 2575 2783 2854 2797 888 2830 2831 2710 2816 2880 1545 1895 2751
1205 2213 104 203 1677 2179 2717 2366 2551 2380 2890
1206 609 808 1074 1152 1322 1367 1368 2473 2475 3056
1207 2988 3070 3015 3079 3080 2989 3081 2966 3017 3085 3069 2970
1208 71 933 1322 1752 649 2489 2791 2795 1259
1209 512 1785 2768 1269 316 400 1841 2384
1210 2599 2833 2837 2957 2962 606 752 3056
1211 2219 2819 2492 2534 2783 2795 2820 2757 2861 3031 3039 3047
1212 2649 1778 1512 1456 1548 2083 2320 2636
1213 2050 2186 2609 280 2789 2903 2891 2474 3046
1214 1560 1815 1279 2737 2019 2593 479 501 570 698 931 1261 1325 1522 1655 1680 1803 2031 2033 2163 2552 2582 2625 2661 2877 2354 2360 44 565 2279 895 2353
1215 1899 2390 2960 3049 3011 3084 3038 2931 3048 3080 3095 3096
1216 2570 2427 2760 1163 2791 2794 2824 2373 2782 2790 2796 2797 1168 2787 2817 3029
1217 2997 3006 3011 3073 3074 3077 3000 3049 3087 3008 3088 3038 2931 3090 2929 3041 3091 3092 3001 3086
1218 574 570 211 915 1577 603 1596 768 474 1506 351 2379 2377 2378 2708 2443 1163 2490 2792 2874 2842 2751 1545 1895 2882 2935 2181
1219 2618 1696 2066 2282 2408 2551 2695 3066
1220 1102 1345 1850 1993 2448 2501 2585 1280
1221 67 1755 1631 1791 2209 2728 992 2753 2399 2400
1222 2143 1860 2229 2570 2575 2601 2606 837 1810 889 2534 888 2379 2757 2826 2377 2824 2827 2719 2835 2378 2790 2823 2786 2375 2785 2788 2817 352 2791 2829 2798 2854 2783 2825 1163 1165 2490 2834 2861 142 2710 1545 2752 2751 2904 3026 3027
1223 2949 3073 3083 3084 3038 3045 3087 3093 3077
1224 1647 2136 1587 2296 157 230 448 1904
1225 1224 2428 2597 2427 2657 2655 2819 2880
1226 2374 2376 2533 1750 1169 1165 2541 2818 2820 2958 3054 3055
1227 408 2246 2539 2609 2608 2605 2597 2415 2532 2858 2443 2786 2830 2833 2751 3036 3067
1228 1164 2502 127 458 1135 2311 1537 740
1229 2931 3091 3041 3092 3093 3004 3095 3080 3000
1230 444 1433 2601 2657 2377 1163 2373 1168 2896 2820 3056
1231 754 974 72 1499 2456 2873 2073 2065
1232 1275 2036 816 978 1817 2189 698 1133
1233 1152 1906 1224 2229 2220 2489 2906 3050 3046 3051 3067 3071
1234 403 1739 2522 2429 1057 95 698 234 934 2484 52
1235 786 1720 2632 24 134 1778 1169 195
1236 1005 1583 2168 829 2477 838 1997
1237 784 1206 1641 2601 2568 768 2847 2377 2379 2788 2794 2785 2786 2782 2415 2781 1614 2443 2719 556 774 1545 2968 3031 1259 3023 3022 3061 3064 100
1238 829 1322 1265 1420 2186 2607 2608 2153 2220 2085 3000 3045
1239 1366 2427 1006 1132 2373 2377 2378 2823 2830 2822 1168 1163 1165 2796 2795 2797 2861
1240 1907 2532 2572 2427 2795 900 2783 2798 2791
1241 791 1366 2600 2605 2739 1208 2336 1546 2751 1545 2752 2918 2882 2883 1958 2472 3023 3026 3039 3062
1242 1217 2741 2803 2833 2776 1167 2836 2570 2842 1567 2998
1243 1152 2049 2568 2557 2575 1167 2719 2827 3040
1244 2133 2949 2801 3006 3097 3011 3049 478 3019 2592 3074 3077 3087 3083 2990 3084 3038 3065 3091 3092 3095 3000 3093 3080 3081 3069 3001
1245 940 1148 1525 1625 1975 1999 1263 64 990
1246 1419 2374 2602 2786 2817 2220 2956 3031 3000 3045
1247 1286 1871 2789 128 797 1977 2402 2586
1248 659 1478 1782 2386 2422 1601 2039 2066 2419 2423
1249 860 440 2266 1267 2104 2172 1447 2183 2597 2575 1587 1590 1524 2465 2655 1814 1915 2534 730 2836 2826 2967 3000 2992
1250 2051 36 1159 820 1861 2197 2200 156
1251 1039 1195 1298 1445 1826 1906 2050 2453 1908 2428 2847 2336 3055 3071
1252 87 904 1250 2243 2561 2635 2108 1844
1253 635 727 1611 661 1029 2084 743 1658 2015 1240 2549 590
1254 974 1319 1639 1500 2079 1501 1768 2040
1255 3087 3084 3090 3095 3096 3074 3077 3086 3065
1256 182 2455 2715 2768 1407 485 2056 2293 2730
1257 895 2624 2651 648 2638 2639 54 1173 1245 1677 2951 2965
1258 2533 812 1780 2271 2592 2637 2163 1228 2121 2103
1259 2415 2793 2874 2795 2798 2796 276 2842 2751 3032 2085 2153
1260 2864 1199 2136 2010 986 2668 2889 490
1261 2539 2597 2602 2570 2736 352 1390 2791 2781 1165 2719 2788 2796 2817 432 2830 2896 2842 2821 2841 2963 3002 3022 3025 3012 3028 3060 3021 3023 3027 3067 3024 3062
1262 957 587 844 878 668 1888 3002 1439
1263 1952 3006 3073 3000 1208 3083 3080 3038 2931 3001 3004 3044 2991
1264 2777 3083 3006 3004 3091 3090 2931 3048 3093 3096 3095 3080
1265 1419 2597 2600 2609 2599 2427 2606 1390 2377 2791 2822 2787 2788 2790 2794 2826 2827 2829 2835 1168 2795 2859 900 2783 2796 2832 2752 2776 2837 2710 2820 1958
1266 2758 3001 3073 3049 3084 2931 3093 3086
1267 723 175 284 1629 555 1596 1937 107 173 1968 2172 2358 955 1476 957 1002 1311 66 2094 1899 2620 2778 2804
1268 2628 708 1580 1587 1678 1756 1967 2402 2484 1680 2222 2224
1269 1272 1243 1430 1418 1420 1869 2714 2373 2377 2379 2415 2860 3047
1270 968 2471 2609 2657 2782 2827 2860 1367 2841 2932 2982
1271 1817 2319 1029 2872 815 2384 951 1025
1272 543 483 1322 1432 1419 1627 556 3047
1273 1664 1786 2607 1390 2785 2788 2719 2787 2829 3061
1274 1061 1132 1542 934 419 586 617 1529 14 84 160 820
1275 1826 1656 2101 2259 2601 1390 2793 2835 352 1546 2817 2719 2781 2822 2830 3055 3052 3053 3064
1276 199 913 1088 112 1689 57 1488 482 1467 442 1157
1277 1271 1963 247 1938 266 2859 556 92 2999 3004
1278 605 1557 1680 1263 208 13 1282 1910 907 1577 1644 1909 768 271 884 2081 2180 173 698
1279 887 352 2844 2752 1546 2879 2472 3023 3052
1280 328 1061 1403 932 2223 2121 1541 502
1281 1280 1677 1908 1544 1653 891 1279 2310
1282 254 1152 483 802 1025 1615 1907 1775 2186 1194 2760
1283 1532 2271 2315 2708 2921 2428 2790 319 2442 2382 2745 2920 2893 981 2482
1284 218 110 612 1859 275 608 1621
1285 3006 3073 2938 3049 3077 3000 3019 3083 2931 3009 3080 3081 3038 3084
1286 2582 2165 1587 2380 2761 162 811
1287 76 1445 2186 2598 2833 2848 3042 3034 3053 3055
1288 1243 1296 2008 2740 2794 2532 2783 3032 3025
1289 355 2099 75 1662 1998 2846 2053 2752 2612 2957 1134 1974 2993 2474 941 2322
1290 1152 1664 1674 1906 1908 2428 2557 2572 2824 2827 2792 2828 2752
1291 1012 740 1629 1536 1563 1304
1292 2740 2783 2786 2787 2788 2842 2828 2884 2506 2963 1125
1293 3078 3015 3080 2971 2989 2966 3082 3081 3085 3094 3069 3013 2970 2988
1294 791 27 1264 1908 2376 1224 2607 2740 2826 2792 2336 565
1295 199 748 1457 1565 175 442 517 1443
1296 738 1021 897 1648 1633 2572 1775 2153 2978 3032 3064 3004
1297 850 1750 159 1070 1135 1176 1245 2032 2179 2182 2183 2254 2927
1298 2 458 1055 1875 151 36 260 1676
1299 127 234 1005 1623 1644 2102 2448 128 1049 2498
1300 2504 241 1894 2893 2684 2850 796 1089 1335 1785 2555 1171 2747 2917
1301 1087 1195 1265 2051 2453 2597 2740 2415 2858 3054 3055
1302 3006 3049 3011 3083 2931 3038 3045 3048 3095 3093 3000 3001
1303 280 1975 1961 2065 981 1448 2293 2632 2272 2239 2489 1086 2602 2800 644 1496 2181 2273 2732 2735 2182 3049 3073 3083 3084 3095 2919
1304 2483 236 279 1548 2280 2343 2449 2720
1305 1899 1529 1490 1984 565 981 2408 2709
1306 277 984 1558 1975 1861 1974 2215 2319 2412 1819 1874 2553 2862 2005 2861 2324
1307 1264 1907 2008 2568 2598 2602 2606 2571 2575 2603 2832 2791 2831 2794 2830 2795 432 2783 2792 2826 2854 2859 2796 2881 2841 2710 2816 2880 2821 1545 1895 2751 2882 2883 2472 2475 3023 3025 3028 3039 3022 3054 3050 3053
1308 1487 139 2525 489 1702 2599 623 1358 2784 3040
1309 1166 2372 2489 2830 2377 2379 2854 2710 1367 2776 2336 2751 2998 3060
1310 280 2823 2826 2719 2824 2830 1390 2817 2822 2795 1163 2825 2783 1165 2797 1168 432 2874 1614 2820 2967 1559
1311 3006 3073 3087 3090 3038 2931 3095 3092 3096 3000
1312 442 835 524 320 591 934 1356 2324
1313 933 1218 2049 2790 2783 1367 2492 2541
1314 2374 2379 2854 2796 2797 2783 2839 3032
1315 1432 1907 2470 180 12 2310 2822 2817 1390 2785 2788 2790 2854 1896 3023 3025 3032 3046
1316 952 2376 2860 2846 2862 2337 495 55
1317 1494 1381 1587 1870 1292 2159 1276 2134 1175 2579 1690 2050 763 2156 555 2775
1318 1000 2309 698 2180 2876 2593 552 1677 2862 2315 2359 2672 2297 2502 2865 957 2231 1032 2655 2962
1319 2218 2428 2600 2603 1167 352 2427 2834 2856 1165 2858 432 2857 2838 2322 2883 2963
1320 1627 1826 592 2376 2427 2568 2373 2755 1162 2821 2783 2752 2881 2968
1321 2213 454 1901 1594 1680 2383 2780 1364 2384 1814
1322 1615 2698 1614 2153 2796 3035 3077 3091 3093 3092
